desc: I1 cache:         16384 B, 64 B, 4-way associative
desc: D1 cache:         16384 B, 64 B, 4-way associative
desc: LL cache:         262144 B, 64 B, 8-way associative
cmd: ./loop_B 524288
events: Ir I1mr ILmr Dr D1mr DLmr Dw D1mw DLmw 
fl=/build/glibc-kCnsjY/glibc-2.31/csu/../csu/libc-start.c
fn=(below main)
137 12 1 1 0 0 0 12 0 0
141 5 0 0 1 0 0 1 0 0
237 1 0 0 0 0 0 0 0 0
238 3 1 1 0 0 0 0 0 0
260 5 0 0 2 0 0 0 0 0
263 1 0 0 0 0 0 0 0 0
264 6 0 0 4 0 0 0 0 0
268 4 1 1 2 0 0 0 0 0
283 1 0 0 0 0 0 0 0 0
295 2 0 0 0 0 0 0 0 0
296 1 0 0 0 0 0 0 0 0
298 1 0 0 0 0 0 0 0 0
301 2 0 0 1 1 0 0 0 0
302 2 0 0 1 0 0 2 0 0
305 2 0 0 0 0 0 1 0 0
308 7 1 1 5 0 0 0 0 0
342 1 1 1 0 0 0 0 0 0
fl=/build/glibc-kCnsjY/glibc-2.31/csu/../sysdeps/unix/sysv/linux/aarch64/sysdep.c
fn=__syscall_error
29 4 0 0 0 0 0 0 0 0
30 20 1 1 4 1 1 4 1 1
32 8 0 0 0 0 0 0 0 0
fl=/build/glibc-kCnsjY/glibc-2.31/csu/init-first.c
fn=_init
52 5 1 1 0 0 0 4 1 1
55 5 1 1 1 1 0 1 1 0
62 8 1 1 4 3 0 0 0 0
67 2 0 0 0 0 0 1 1 1
68 2 0 0 0 0 0 1 0 0
69 3 0 0 1 1 0 1 1 1
77 3 0 0 0 0 0 0 0 0
80 1 0 0 0 0 0 0 0 0
85 2 0 0 4 0 0 0 0 0
fl=/build/glibc-kCnsjY/glibc-2.31/ctype/ctype-info.c
fn=__ctype_init
31 9 1 1 4 2 0 1 1 0
33 5 1 1 3 2 0 1 0 0
35 5 0 0 2 1 0 1 0 0
36 1 0 0 0 0 0 0 0 0
fl=/build/glibc-kCnsjY/glibc-2.31/debug/printf_chk.c
fn=__printf_chk
25 19 1 1 2 1 1 18 2 2
28 2 0 0 0 0 0 0 0 0
32 9 1 1 0 0 0 5 2 2
33 10 1 1 6 2 2 4 0 0
37 8 1 1 5 0 0 0 0 0
fl=/build/glibc-kCnsjY/glibc-2.31/elf/../elf/dl-sysdep.c
fn=_dl_sysdep_start
89 8 2 2 0 0 0 11 2 2
90 2 0 0 1 0 0 0 0 0
91 1 0 0 0 0 0 0 0 0
113 2 0 0 0 0 0 1 0 0
114 70 1 1 28 4 4 4 4 4
117 3 0 0 0 0 0 1 0 0
118 1 0 0 0 0 0 1 1 1
120 86 3 3 28 5 5 7 0 0
121 192 3 3 0 0 0 0 0 0
124 1 0 0 1 1 1 0 0 0
125 1 0 0 0 0 0 0 0 0
127 1 0 0 1 0 0 0 0 0
128 1 0 0 0 0 0 0 0 0
130 1 0 0 1 0 0 0 0 0
131 2 0 0 0 0 0 0 0 0
133 1 0 0 1 0 0 0 0 0
134 2 0 0 0 0 0 0 0 0
154 1 0 0 1 0 0 0 0 0
155 2 0 0 0 0 0 0 0 0
157 1 0 0 1 0 0 0 0 0
158 2 0 0 0 0 0 0 0 0
160 1 0 0 1 0 0 0 0 0
161 1 0 0 0 0 0 0 0 0
166 1 1 1 1 0 0 0 0 0
167 2 0 0 0 0 0 0 0 0
182 1 0 0 1 0 0 0 0 0
183 2 0 0 0 0 0 0 0 0
223 1 1 1 0 0 0 0 0 0
234 3 1 1 1 0 0 0 0 0
235 2 0 0 0 0 0 1 0 0
237 6 0 0 0 0 0 0 0 0
249 3 0 0 1 0 0 0 0 0
252 6 1 1 1 0 0 0 0 0
254 8 1 0 12 3 0 0 0 0
fn=_dl_sysdep_start_cleanup
259 1 1 1 0 0 0 0 0 0
fl=/build/glibc-kCnsjY/glibc-2.31/elf/../include/scratch_buffer.h
fn=_dl_map_object_deps
77 3 0 0 0 0 0 1 0 0
78 2 0 0 0 0 0 2 1 1
85 5 0 0 2 0 0 0 0 0
131 8 0 0 2 0 0 0 0 0
fl=/build/glibc-kCnsjY/glibc-2.31/elf/../misc/sbrk.c
fn=sbrk
32 5 1 1 0 0 0 5 0 0
40 6 0 0 2 1 1 0 0 0
44 2 0 0 0 0 0 0 0 0
60 5 1 1 5 0 0 0 0 0
fl=/build/glibc-kCnsjY/glibc-2.31/elf/../sysdeps/aarch64/dl-irel.h
fn=_dl_fixup
38 5 0 0 0 0 0 0 0 0
fn=_dl_relocate_object
37 6 0 0 0 0 0 3 0 0
38 10 1 1 3 0 0 2 0 0
39 6 0 0 3 1 0 6 0 0
40 13 0 0 3 0 0 1 0 0
fn=_dl_start
38 3 1 1 0 0 0 0 0 0
fl=/build/glibc-kCnsjY/glibc-2.31/elf/../sysdeps/aarch64/dl-machine.h
fn=_dl_fixup
223 5 2 2 0 0 0 5 0 0
fn=_dl_relocate_object
70 20 0 0 4 0 0 0 0 0
76 4 0 0 4 1 0 0 0 0
77 4 0 0 2 2 2 0 0 0
81 2 0 0 0 0 0 2 0 0
89 4 0 0 2 0 0 0 0 0
104 6 1 1 2 2 0 2 0 0
250 123 0 0 0 0 0 0 0 0
252 246 0 0 0 0 0 0 0 0
254 123 0 0 0 0 0 0 0 0
259 4298 6 6 979 88 68 637 2 0
260 1005 5 5 434 0 0 0 0 0
263 336 1 1 0 0 0 0 0 0
265 4 2 2 1 0 0 0 0 0
268 941 3 3 3 0 0 0 0 0
296 327 1 1 109 12 11 109 17 3
297 109 0 0 0 0 0 0 0 0
307 32 1 1 0 0 0 12 0 0
320 30 1 1 0 0 0 6 2 0
328 6 0 0 0 0 0 0 0 0
351 28 0 0 14 0 0 0 0 0
353 56 0 0 14 0 0 0 0 0
354 28 0 0 0 0 0 14 3 1
355 56 0 0 28 2 2 0 0 0
367 14 1 1 0 0 0 0 0 0
380 5072 0 0 2536 477 476 1268 230 226
390 18 0 0 0 0 0 0 0 0
391 18 0 0 36 7 7 0 0 0
393 36 1 1 0 0 0 0 0 0
395 32 0 0 16 0 0 0 0 0
398 48 2 2 16 2 2 16 0 0
399 16 0 0 0 0 0 0 0 0
427 4 0 0 0 0 0 0 0 0
445 4 1 1 0 0 0 0 0 0
447 6 1 1 4 0 0 0 0 0
448 4 0 0 2 0 0 0 0 0
450 4 0 0 0 0 0 2 0 0
fn=_dl_start
46 1 0 0 0 0 0 0 0 0
61 4 1 1 1 1 1 0 0 0
250 12 0 0 0 0 0 0 0 0
252 24 0 0 0 0 0 0 0 0
254 12 0 0 0 0 0 0 0 0
260 120 1 1 48 10 10 0 0 0
263 24 0 0 0 0 0 0 0 0
268 84 0 0 0 0 0 0 0 0
296 36 1 1 12 1 1 12 1 1
297 12 0 0 0 0 0 0 0 0
328 6 0 0 0 0 0 5 0 0
380 208 1 1 104 20 20 52 26 26
fn=_dl_sysdep_start
204 5 0 0 2 1 1 0 0 0
fl=/build/glibc-kCnsjY/glibc-2.31/elf/../sysdeps/aarch64/dl-trampoline.S
fn=_dl_runtime_resolve
48 5 1 1 0 0 0 10 4 3
53 5 0 0 0 0 0 10 1 0
57 5 0 0 0 0 0 10 1 1
61 5 0 0 0 0 0 10 1 0
65 5 0 0 0 0 0 10 0 0
69 5 0 0 0 0 0 10 2 2
73 5 0 0 0 0 0 10 0 0
77 5 0 0 0 0 0 10 0 0
81 5 1 1 0 0 0 10 0 0
86 5 0 0 5 0 0 0 0 0
89 5 0 0 5 0 0 0 0 0
91 5 0 0 0 0 0 0 0 0
92 5 0 0 0 0 0 0 0 0
93 5 0 0 0 0 0 0 0 0
94 5 0 0 0 0 0 0 0 0
95 5 0 0 0 0 0 0 0 0
98 5 0 0 0 0 0 0 0 0
101 5 0 0 0 0 0 0 0 0
104 5 0 0 10 0 0 0 0 0
105 5 0 0 10 0 0 0 0 0
106 5 0 0 10 0 0 0 0 0
107 5 0 0 10 0 0 0 0 0
108 5 0 0 10 0 0 0 0 0
109 5 0 0 10 0 0 0 0 0
110 5 1 1 10 0 0 0 0 0
111 5 0 0 10 0 0 0 0 0
112 5 0 0 10 0 0 0 0 0
115 5 0 0 10 0 0 0 0 0
119 5 0 0 0 0 0 0 0 0
fl=/build/glibc-kCnsjY/glibc-2.31/elf/../sysdeps/generic/dl-cache.h
fn=_dl_load_cache_lookup
153 4 0 0 0 0 0 0 0 0
fl=/build/glibc-kCnsjY/glibc-2.31/elf/../sysdeps/generic/ldsodefs.h
fn=_dl_fini
1208 4 1 1 0 0 0 1 0 0
fn=_dl_new_object
1208 82 0 0 0 0 0 0 0 0
fn=_dl_relocate_object
126 327 2 2 109 0 0 0 0 0
fn=do_lookup_x
126 300 0 0 100 0 0 0 0 0
fl=/build/glibc-kCnsjY/glibc-2.31/elf/../sysdeps/posix/dl-fileid.h
fn=_dl_map_object_from_fd
37 10 1 1 0 0 0 0 0 0
40 4 0 0 2 0 0 2 0 0
41 4 0 0 2 0 0 2 0 0
49 20 1 1 7 1 1 0 0 0
fl=/build/glibc-kCnsjY/glibc-2.31/elf/../sysdeps/unix/sysv/linux/aarch64/cpu-features.c
fn=_dl_sysdep_start
63 5 1 1 1 0 0 0 0 0
64 1 0 0 0 0 0 0 0 0
72 4 1 1 1 0 0 0 0 0
78 2 0 0 0 0 0 1 0 0
82 1 0 0 0 0 0 0 0 0
84 1 0 0 0 0 0 0 0 0
fl=/build/glibc-kCnsjY/glibc-2.31/elf/../sysdeps/unix/sysv/linux/dl-osinfo.h
fn=dl_main
64 1 0 0 0 0 0 0 0 0
fl=/build/glibc-kCnsjY/glibc-2.31/elf/../sysdeps/unix/sysv/linux/dl-sysdep.c
fn=_dl_discover_osversion
46 4 1 1 0 0 0 4 1 1
48 3 1 1 1 0 0 0 0 0
88 4 0 0 0 0 0 0 0 0
103 1 0 0 0 0 0 0 0 0
107 1 0 0 0 0 0 0 0 0
108 1 0 0 0 0 0 0 0 0
110 15 0 0 3 1 1 0 0 0
112 3 0 0 0 0 0 0 0 0
114 30 1 1 6 1 1 0 0 0
116 3 0 0 0 0 0 0 0 0
117 3 0 0 0 0 0 0 0 0
120 3 0 0 0 0 0 0 0 0
122 3 0 0 0 0 0 0 0 0
124 13 1 1 0 0 0 0 0 0
129 2 0 0 0 0 0 0 0 0
133 4 1 1 4 0 0 0 0 0
fn=_dl_sysdep_start
36 2 0 0 0 0 0 0 0 0
fl=/build/glibc-kCnsjY/glibc-2.31/elf/../sysdeps/unix/sysv/linux/dl-vdso-setup.h
fn=dl_main
30 5 2 2 0 0 0 2 0 0
33 2 0 0 0 0 0 1 0 0
45 2 1 1 0 0 0 1 0 0
fl=/build/glibc-kCnsjY/glibc-2.31/elf/../sysdeps/unix/sysv/linux/dl-vdso.h
fn=dl_main
40 2 1 1 1 0 0 0 0 0
41 1 0 0 0 0 0 0 0 0
55 2 0 0 0 0 0 0 0 0
fl=/build/glibc-kCnsjY/glibc-2.31/elf/../sysdeps/unix/sysv/linux/generic/brk.c
fn=brk
33 1 1 1 0 0 0 0 0 0
36 4 0 0 0 0 0 1 1 1
37 2 0 0 0 0 0 0 0 0
43 1 0 0 0 0 0 0 0 0
44 1 0 0 0 0 0 0 0 0
fl=/build/glibc-kCnsjY/glibc-2.31/elf/./dl-load.h
fn=_dl_map_object_from_fd
90 4 0 0 0 0 0 0 0 0
91 8 1 1 4 0 0 2 0 0
93 8 0 0 4 1 1 0 0 0
94 4 2 2 2 0 0 0 0 0
95 5 0 0 2 0 0 0 0 0
96 3 0 0 1 0 0 0 0 0
98 4 0 0 0 0 0 1 0 0
fl=/build/glibc-kCnsjY/glibc-2.31/elf/./dl-map-segments.h
fn=_dl_map_object_from_fd
50 4 0 0 2 0 0 0 0 0
51 4 0 0 0 0 0 0 0 0
56 24 2 1 4 0 0 8 0 0
60 14 2 1 12 0 0 0 0 0
63 4 0 0 0 0 0 2 0 0
64 4 0 0 0 0 0 2 0 0
66 2 0 0 0 0 0 0 0 0
73 30 2 1 12 0 0 8 0 0
80 6 0 0 2 0 0 2 0 0
82 2 0 0 0 0 0 0 0 0
90 16 0 0 0 0 0 0 0 0
92 8 0 0 6 0 0 0 0 0
94 32 1 1 14 0 0 10 0 0
104 12 0 0 8 0 0 0 0 0
110 4 0 0 2 0 0 0 0 0
111 2 0 0 0 0 0 0 0 0
112 12 1 1 2 0 0 0 0 0
113 2 0 0 0 0 0 0 0 0
115 4 0 0 0 0 0 0 0 0
120 4 0 0 0 0 0 0 0 0
123 2 0 0 0 0 0 0 0 0
131 18 0 0 0 0 0 14 0 0
132 10 0 0 14 0 0 0 0 0
137 4 0 0 0 0 0 0 0 0
141 9 1 1 0 0 0 4 0 0
144 4 0 0 4 0 0 0 0 0
149 4 1 1 0 0 0 0 0 0
fl=/build/glibc-kCnsjY/glibc-2.31/elf/./setup-vdso.h
fn=dl_main
24 3 1 1 1 0 0 0 0 0
fl=/build/glibc-kCnsjY/glibc-2.31/elf/dl-addr.c
fn=_dl_addr
30 1 0 0 1 0 0 0 0 0
31 2 0 0 1 0 0 2 0 0
34 2 0 0 1 0 0 0 0 0
38 1 1 1 1 0 0 0 0 0
39 1 0 0 2 0 0 0 0 0
40 1 0 0 1 0 0 0 0 0
42 2 0 0 2 1 0 0 0 0
44 1 0 0 0 0 0 0 0 0
45 2 0 0 1 1 0 0 0 0
49 3035 0 0 1 0 0 0 0 0
51 1014 0 0 1012 63 12 0 0 0
52 1011 0 0 0 0 0 0 0 0
54 2745 1 1 915 0 0 0 0 0
60 2284 1 1 0 0 0 0 0 0
61 11420 0 0 2284 496 446 0 0 0
63 6841 0 0 0 0 0 0 0 0
64 9088 0 0 2272 0 0 0 0 0
65 15359 1 1 5207 359 326 0 0 0
70 4568 0 0 2284 140 73 0 0 0
100 1 0 0 0 0 0 0 0 0
101 1 0 0 0 0 0 1 1 0
102 1 0 0 0 0 0 0 0 0
105 1 1 1 0 0 0 0 0 0
118 2 0 0 0 0 0 2 1 0
126 9 2 2 0 0 0 8 0 0
128 1 0 0 0 0 0 0 0 0
131 5 0 0 2 1 0 0 0 0
133 2 0 0 0 0 0 0 0 0
135 1 0 0 0 0 0 0 0 0
138 1 0 0 0 0 0 0 0 0
141 4 1 1 2 2 0 0 0 0
144 6 0 0 8 2 0 0 0 0
fl=/build/glibc-kCnsjY/glibc-2.31/elf/dl-cache.c
fn=_dl_cache_libcmp
142 110 1 1 55 0 0 0 0 0
144 378 1 1 54 11 11 0 0 0
146 2 1 1 0 0 0 0 0 0
152 1 0 0 0 0 0 0 0 0
153 2 0 0 0 0 0 0 0 0
154 5 0 0 1 0 0 0 0 0
156 5 1 1 1 0 0 0 0 0
158 2 0 0 0 0 0 0 0 0
164 106 0 0 0 0 0 0 0 0
166 106 0 0 0 0 0 0 0 0
167 10 0 0 0 0 0 0 0 0
170 43 0 0 0 0 0 0 0 0
171 43 0 0 0 0 0 0 0 0
174 2 0 0 1 0 0 0 0 0
175 11 0 0 0 0 0 0 0 0
fn=_dl_load_cache_lookup
187 7 1 1 0 0 0 7 0 0
195 3 1 1 1 0 0 0 0 0
198 4 0 0 1 0 0 0 0 0
201 6 2 2 0 0 0 0 0 0
209 5 0 0 1 0 0 0 0 0
210 19 1 1 3 1 1 0 0 0
213 1 0 0 1 0 0 0 0 0
218 2 1 1 0 0 0 1 0 0
219 2 0 0 0 0 0 1 0 0
270 5 0 0 2 0 0 0 0 0
279 1 0 0 0 0 0 0 0 0
285 5 1 1 1 0 0 0 0 0
293 3 0 0 1 0 0 0 0 0
294 2 0 0 0 0 0 0 0 0
308 221 5 5 19 10 10 0 0 0
324 2 0 0 1 0 0 0 0 0
328 1 0 0 0 0 0 0 0 0
336 14 1 1 0 0 0 1 0 0
337 4 1 1 0 0 0 0 0 0
338 1 0 0 0 0 0 0 0 0
339 7 1 1 7 0 0 0 0 0
fn=_dl_unload_cache
348 3 1 1 0 0 0 3 0 0
349 5 1 1 1 1 0 0 0 0
351 3 0 0 1 0 0 0 0 0
352 1 0 0 0 0 0 1 0 0
354 3 0 0 3 0 0 0 0 0
fl=/build/glibc-kCnsjY/glibc-2.31/elf/dl-debug.c
fn=_dl_debug_initialize
46 4 2 1 0 0 0 0 0 0
49 4 0 0 0 0 0 0 0 0
50 8 2 1 4 0 0 0 0 0
54 11 1 0 4 1 0 0 0 0
57 2 0 0 0 0 0 1 0 0
58 2 0 0 0 0 0 1 0 0
59 6 1 1 1 0 0 0 0 0
60 3 0 0 0 0 0 2 0 0
64 4 0 0 0 0 0 0 0 0
fn=_dl_debug_state
74 2 0 0 0 0 0 0 0 0
fl=/build/glibc-kCnsjY/glibc-2.31/elf/dl-deps.c
fn=_dl_map_object_deps
144 2 0 0 0 0 0 2 0 0
145 1 0 0 0 0 0 0 0 0
146 7 0 0 0 0 0 4 0 0
152 9 2 2 3 0 0 2 0 0
159 11 1 1 0 0 0 15 4 4
160 15 2 2 0 0 0 1 1 1
176 12 0 0 1 0 0 2 0 0
177 1 0 0 1 0 0 0 0 0
180 2 0 0 1 0 0 1 0 0
198 3 1 1 1 0 0 1 0 0
199 2 0 0 0 0 0 0 0 0
200 3 0 0 0 0 0 2 0 0
202 3 0 0 3 0 0 0 0 0
206 4 0 0 0 0 0 0 0 0
209 15 0 0 7 0 0 4 0 0
213 8 0 0 4 1 0 0 0 0
214 26 1 1 11 0 0 0 0 0
217 4 0 0 0 0 0 0 0 0
221 4 0 0 2 0 0 0 0 0
224 16 1 1 8 3 0 0 0 0
226 6 0 0 4 0 0 2 0 0
231 2 0 0 0 0 0 2 0 0
232 2 0 0 0 0 0 2 0 0
233 4 0 0 2 0 0 2 0 0
234 4 0 0 2 0 0 2 0 0
237 112 1 1 57 5 0 2 0 0
238 102 1 1 0 0 0 0 0 0
244 24 2 1 6 0 0 0 0 0
246 3 0 0 0 0 0 3 0 0
248 15 1 1 0 0 0 0 0 0
249 6 0 0 3 0 0 0 0 0
258 3 1 1 3 0 0 0 0 0
260 9 0 0 3 0 0 0 0 0
265 6 0 0 0 0 0 2 0 0
269 2 0 0 0 0 0 2 0 0
270 2 0 0 0 0 0 4 0 0
271 4 0 0 2 0 0 2 0 0
273 6 0 0 2 0 0 2 0 0
275 10 1 1 2 0 0 4 0 0
279 3 0 0 0 0 0 0 0 0
280 2 0 0 0 0 0 1 0 0
282 240 1 1 0 0 0 0 0 0
303 6 0 0 0 0 0 0 0 0
433 4 0 0 0 0 0 0 0 0
435 4 0 0 0 0 0 2 0 0
438 10 0 0 0 0 0 0 0 0
439 2 1 1 0 0 0 0 0 0
445 2 0 0 0 0 0 2 0 0
446 8 0 0 0 0 0 0 0 0
447 10 0 0 0 0 0 0 0 0
449 2 0 0 0 0 0 0 0 0
450 2 0 0 0 0 0 2 0 0
451 6 0 0 2 0 0 2 0 0
455 12 0 0 8 0 0 0 0 0
457 12 1 1 8 0 0 4 0 0
458 10 0 0 3 0 0 0 0 0
464 6 1 1 2 0 0 0 0 0
465 4 1 1 1 0 0 1 0 0
468 4 0 0 2 0 0 1 0 0
479 6 1 1 1 0 0 0 0 0
481 1 0 0 0 0 0 0 0 0
486 4 0 0 1 0 0 1 0 0
487 3 0 0 1 0 0 1 0 0
489 9 0 0 4 0 0 0 0 0
491 12 0 0 8 0 0 0 0 0
495 12 0 0 4 0 0 4 1 1
499 12 1 1 4 0 0 4 0 0
502 3 0 0 1 0 0 0 0 0
553 4 0 0 2 0 0 0 0 0
555 10 1 1 2 0 0 3 0 0
590 4 1 1 1 0 0 0 0 0
594 5 0 0 1 0 0 0 0 0
597 1 0 0 0 0 0 1 0 0
598 1 1 1 0 0 0 0 0 0
599 1 0 0 0 0 0 1 0 0
600 5 0 0 2 0 0 1 0 0
608 2 1 1 1 0 0 0 0 0
611 1 0 0 0 0 0 0 0 0
614 9 0 0 12 1 0 0 0 0
fn=openaux
61 12 1 1 0 0 0 9 1 1
64 29 0 0 15 0 0 3 0 0
65 3 0 0 3 0 0 0 0 0
69 9 0 0 9 1 0 0 0 0
fl=/build/glibc-kCnsjY/glibc-2.31/elf/dl-environ.c
fn=_dl_next_ld_env_entry
28 3 0 0 0 0 0 0 0 0
29 3 1 1 3 0 0 0 0 0
32 55 0 0 27 0 0 0 0 0
34 78 1 1 26 0 0 0 0 0
35 45 0 0 15 0 0 0 0 0
37 2 0 0 0 0 0 0 0 0
40 4 0 0 0 0 0 2 0 0
49 3 0 0 0 0 0 0 0 0
fl=/build/glibc-kCnsjY/glibc-2.31/elf/dl-error-skeleton.c
fn=_dl_catch_error
225 9 2 2 0 0 0 5 0 0
227 2 0 0 0 0 0 0 0 0
228 1 0 0 0 0 0 1 0 0
229 2 0 0 2 0 0 1 0 0
230 4 0 0 1 0 0 1 0 0
232 4 0 0 5 0 0 0 0 0
fn=_dl_catch_exception
175 32 2 2 4 0 0 32 4 4
178 4 0 0 0 0 0 0 0 0
199 4 0 0 4 0 0 0 0 0
200 8 0 0 0 0 0 8 1 1
203 8 0 0 0 0 0 4 0 0
206 20 0 0 0 0 0 0 0 0
208 8 0 0 8 0 0 0 0 0
209 12 1 1 8 0 0 4 0 0
210 8 0 0 0 0 0 12 0 0
219 16 0 0 16 0 0 0 0 0
fn=_dl_receive_error
238 5 1 0 0 0 0 6 0 0
239 3 0 0 1 0 0 0 0 0
240 1 0 0 1 0 0 0 0 0
243 1 0 0 0 0 0 1 0 0
244 1 0 0 0 0 0 1 0 0
246 2 1 1 0 0 0 0 0 0
248 1 0 0 0 0 0 1 0 0
249 1 0 0 0 0 0 1 0 0
250 4 1 1 6 0 0 0 0 0
fl=/build/glibc-kCnsjY/glibc-2.31/elf/dl-fini.c
fn=_dl_fini
30 8 1 1 0 0 0 12 0 0
47 6 0 0 0 0 0 1 0 0
50 11 0 0 1 1 1 0 0 0
53 3 1 1 1 1 1 0 0 0
55 1 0 0 1 1 1 0 0 0
58 1 0 0 0 0 0 0 0 0
60 6 0 0 3 0 0 0 0 0
65 2 0 0 0 0 0 1 0 0
68 13 1 1 0 0 0 1 0 0
73 10 1 1 4 1 1 0 0 0
75 12 0 0 4 2 1 0 0 0
77 8 0 0 0 0 0 0 0 0
79 4 0 0 0 0 0 4 0 0
80 4 0 0 0 0 0 4 3 3
81 4 0 0 0 0 0 0 0 0
85 12 0 0 4 1 1 4 0 0
87 5 1 1 0 0 0 0 0 0
88 5 0 0 0 0 0 0 0 0
94 8 3 3 0 0 0 0 0 0
104 3 0 0 1 0 0 0 0 0
109 12 0 0 1 0 0 0 0 0
111 4 0 0 4 0 0 0 0 0
113 8 0 0 4 0 0 0 0 0
116 8 0 0 0 0 0 4 0 0
119 8 0 0 4 4 4 0 0 0
120 4 1 1 2 2 2 0 0 0
123 6 1 1 2 0 0 0 0 0
134 6 0 0 4 1 1 0 0 0
135 2 0 0 2 1 1 0 0 0
136 4 0 0 2 2 1 0 0 0
137 14 1 1 0 0 0 0 0 0
138 4 0 0 2 2 2 0 0 0
142 4 0 0 2 2 1 0 0 0
143 8 0 0 4 1 1 0 0 0
149 24 0 0 8 1 1 0 0 0
168 16 1 1 4 0 0 4 0 0
174 6 0 0 2 0 0 0 0 0
180 2 0 0 1 0 0 0 0 0
187 8 0 0 12 0 0 0 0 0
fl=/build/glibc-kCnsjY/glibc-2.31/elf/dl-hwcaps.c
fn=_dl_important_hwcaps
42 12 2 2 0 0 0 16 0 0
43 6 0 0 1 0 0 0 0 0
45 3 1 1 1 0 0 0 0 0
46 2 0 0 0 0 0 0 0 0
55 2 0 0 0 0 0 0 0 0
65 4 1 1 1 0 0 0 0 0
148 13 2 2 0 0 0 1 0 0
149 1 0 0 0 0 0 0 0 0
185 2 0 0 0 0 0 0 0 0
193 2 0 0 1 0 0 0 0 0
195 1 0 0 0 0 0 1 0 0
196 2 0 0 1 0 0 1 0 0
197 2 0 0 0 0 0 0 0 0
200 2 0 0 0 0 0 0 0 0
201 2 1 1 0 0 0 2 0 0
204 2 0 0 0 0 0 0 0 0
207 3 0 0 1 0 0 0 0 0
211 8 1 1 1 0 0 2 0 0
212 2 0 0 0 0 0 0 0 0
221 2 1 1 0 0 0 0 0 0
230 6 1 1 1 0 0 2 0 0
231 4 1 1 0 0 0 0 0 0
232 1 0 0 0 0 0 0 0 0
252 2 1 1 0 0 0 0 0 0
263 7 0 0 0 0 0 3 0 0
266 5 0 0 0 0 0 2 0 0
268 4 0 0 2 0 0 1 0 0
269 4 0 0 1 0 0 1 0 0
282 1 0 0 0 0 0 0 0 0
289 1 1 1 0 0 0 0 0 0
294 18 0 0 5 0 0 0 0 0
295 8 0 0 0 0 0 4 0 0
299 9 0 0 0 0 0 0 0 0
302 10 1 1 0 0 0 0 0 0
303 28 0 0 0 0 0 0 0 0
304 24 0 0 8 0 0 4 0 0
306 4 1 1 0 0 0 0 0 0
309 3 0 0 1 0 0 0 0 0
310 1 0 0 0 0 0 0 0 0
311 5 0 0 1 0 0 0 0 0
324 11 2 2 4 0 0 2 0 0
327 4 0 0 0 0 0 0 0 0
330 3 0 0 2 0 0 1 0 0
333 9 1 1 12 0 0 0 0 0
fl=/build/glibc-kCnsjY/glibc-2.31/elf/dl-init.c
fn=_dl_init
30 18 1 1 5 0 0 0 0 0
79 10 1 1 0 0 0 9 1 1
80 1 0 0 1 0 0 0 0 0
81 1 0 0 1 1 0 0 0 0
84 4 1 1 1 0 0 0 0 0
87 3 0 0 0 0 0 1 0 0
92 3 0 0 0 0 0 0 0 0
117 1 0 0 1 0 0 0 0 0
118 12 1 1 0 0 0 0 0 0
119 20 0 0 8 2 0 0 0 0
125 6 0 0 9 0 0 0 0 0
fn=call_init.part.0
28 36 1 1 0 0 0 28 1 0
36 12 0 0 4 0 0 4 0 0
39 12 0 0 8 4 0 0 0 0
40 3 0 0 0 0 0 0 0 0
44 6 1 1 3 3 0 0 0 0
45 2 0 0 1 1 0 0 0 0
49 9 0 0 3 0 0 0 0 0
58 14 0 0 4 2 0 0 0 0
62 4 0 0 2 1 0 0 0 0
68 9 0 0 6 1 0 0 0 0
70 9 1 1 6 1 0 0 0 0
71 23 0 0 0 0 0 0 0 0
72 20 0 0 4 2 0 0 0 0
74 20 1 1 28 0 0 0 0 0
fl=/build/glibc-kCnsjY/glibc-2.31/elf/dl-load.c
fn=_dl_dst_count
231 15 1 1 0 0 0 20 3 3
234 10 0 0 0 0 0 0 0 0
237 5 0 0 0 0 0 0 0 0
238 5 1 1 0 0 0 0 0 0
257 20 0 0 20 0 0 0 0 0
fn=_dl_init_paths
681 7 1 1 0 0 0 8 0 0
694 10 1 1 2 0 0 1 0 0
698 1 0 0 0 0 0 1 0 0
699 2 0 0 0 0 0 0 0 0
700 1 0 0 0 0 0 0 0 0
707 4 0 0 0 0 0 0 0 0
708 4 0 0 1 0 0 0 0 0
711 4 1 1 0 0 0 1 0 0
713 1 0 0 0 0 0 0 0 0
719 1 0 0 0 0 0 1 0 0
720 7 0 0 0 0 0 1 0 0
728 3 0 0 0 0 0 3 0 0
730 3 0 0 0 0 0 0 0 0
731 4 0 0 0 0 0 8 4 4
733 2 0 0 0 0 0 0 0 0
734 10 1 1 3 1 1 8 1 1
735 13 0 0 0 0 0 0 0 0
738 15 0 0 3 1 1 0 0 0
739 56 0 0 0 0 0 0 0 0
740 16 0 0 0 0 0 16 1 1
742 17 1 1 0 0 0 4 0 0
748 3 1 1 0 0 0 1 0 0
749 1 0 0 0 0 0 1 0 0
753 1 0 0 1 0 0 0 0 0
754 1 0 0 0 0 0 0 0 0
756 4 0 0 1 0 0 0 0 0
758 2 0 0 1 0 0 0 0 0
775 2 0 0 0 0 0 1 0 0
777 2 1 1 1 0 0 0 0 0
791 2 2 2 0 0 0 1 0 0
796 3 1 1 1 0 0 0 0 0
798 18 0 0 0 0 0 1 0 0
802 1 0 0 0 0 0 0 0 0
803 32 0 0 15 0 0 0 0 0
804 70 1 1 0 0 0 0 0 0
807 2 0 0 0 0 0 1 0 0
808 2 0 0 0 0 0 0 0 0
809 1 0 0 0 0 0 0 0 0
815 8 1 1 0 0 0 0 0 0
818 3 0 0 2 0 0 0 0 0
824 2 0 0 0 0 0 1 0 0
828 6 1 1 8 0 0 0 0 0
fn=_dl_map_object
659 9 2 2 3 0 0 0 0 0
1927 32 1 1 0 0 0 48 5 5
1929 2 0 0 0 0 0 2 0 0
1935 8 0 0 0 0 0 0 0 0
1936 28 1 1 4 1 1 0 0 0
1939 50 0 0 11 0 0 0 0 0
1944 45 1 1 9 0 0 0 0 0
1946 36 0 0 0 0 0 0 0 0
1950 14 0 0 7 0 0 0 0 0
1951 14 0 0 7 0 0 0 0 0
1954 2 0 0 2 0 0 0 0 0
1955 4 0 0 4 0 0 0 0 0
1956 8 1 1 0 0 0 0 0 0
1972 12 1 1 2 0 0 2 0 0
1982 4 0 0 2 0 0 0 0 0
2016 2 0 0 0 0 0 2 2 2
2018 8 0 0 0 0 0 0 0 0
2022 4 1 1 0 0 0 1 0 0
2024 2 0 0 1 0 0 0 0 0
2031 3 1 1 1 0 0 0 0 0
2035 7 2 2 1 0 0 3 0 0
2040 2 0 0 1 0 0 0 0 0
2041 1 0 0 0 0 0 0 0 0
2043 7 0 0 0 0 0 3 0 0
2055 2 1 1 1 0 0 0 0 0
2056 7 0 0 3 0 0 0 0 0
2057 1 0 0 0 0 0 0 0 0
2066 6 1 1 1 0 0 1 0 0
2067 15 1 1 2 0 0 1 0 0
2073 3 0 0 0 0 0 0 0 0
2074 1 0 0 0 0 0 0 0 0
2082 1 1 1 0 0 0 1 0 0
2096 1 0 0 0 0 0 0 0 0
2098 3 0 0 1 0 0 0 0 0
2102 3 1 1 0 0 0 0 0 0
2104 1 0 0 0 0 0 0 0 0
2108 1 0 0 0 0 0 0 0 0
2116 3 0 0 1 0 0 0 0 0
2139 7 0 0 0 0 0 0 0 0
2143 2 0 0 0 0 0 0 0 0
2144 1 0 0 0 0 0 1 0 0
2161 2 0 0 1 0 0 0 0 0
2167 1 0 0 0 0 0 1 0 0
2168 3 0 0 0 0 0 0 0 0
2169 1 1 1 0 0 0 0 0 0
2170 2 0 0 0 0 0 0 0 0
2174 7 0 0 0 0 0 0 0 0
2177 2 0 0 0 0 0 0 0 0
2189 6 1 1 2 0 0 0 0 0
2191 4 0 0 0 0 0 0 0 0
2235 6 0 0 2 0 0 2 0 0
2236 24 1 1 4 0 0 4 0 0
2238 36 0 0 48 1 0 0 0 0
fn=_dl_map_object_from_fd
866 34 3 3 2 0 0 26 3 3
876 8 0 0 0 0 0 0 0 0
877 2 1 1 0 0 0 2 0 0
883 6 0 0 0 0 0 2 0 0
901 26 1 1 7 0 0 2 0 0
902 10 0 0 5 0 0 0 0 0
920 2 1 1 0 0 0 0 0 0
944 6 0 0 0 0 0 2 0 0
954 6 0 0 2 0 0 0 0 0
961 4 0 0 2 0 0 0 0 0
994 4 0 0 0 0 0 0 0 0
997 16 0 0 0 0 0 0 0 0
998 2 0 0 0 0 0 0 0 0
1009 4 0 0 0 0 0 2 1 1
1010 4 0 0 2 0 0 2 0 0
1011 4 0 0 2 0 0 2 0 0
1013 4 0 0 0 0 0 0 0 0
1014 10 1 1 6 0 0 0 0 0
1015 4 0 0 0 0 0 2 0 0
1030 2 0 0 0 0 0 0 0 0
1032 2 0 0 0 0 0 0 0 0
1034 26 1 1 2 0 0 2 2 2
1035 2 0 0 0 0 0 0 0 0
1036 2 0 0 0 0 0 0 0 0
1042 63 2 2 2 0 0 0 0 0
1043 147 3 2 17 2 2 0 0 0
1049 4 0 0 2 0 0 0 0 0
1054 4 0 0 2 0 0 2 0 0
1055 8 0 0 2 0 0 2 0 0
1060 2 0 0 1 0 0 1 0 0
1061 1 0 0 0 0 0 0 0 0
1066 20 1 1 6 0 0 0 0 0
1071 20 0 0 8 0 0 0 0 0
1079 12 0 0 0 0 0 0 0 0
1080 14 1 1 0 0 0 4 2 2
1081 24 1 1 4 0 0 0 0 0
1082 4 0 0 0 0 0 8 0 0
1083 12 0 0 4 0 0 4 0 0
1084 8 0 0 0 0 0 4 2 2
1088 10 0 0 2 0 0 0 0 0
1089 6 0 0 0 0 0 0 0 0
1093 12 0 0 0 0 0 4 0 0
1094 20 1 1 4 0 0 0 0 0
1104 4 0 0 0 0 0 0 0 0
1107 2 1 1 1 1 1 0 0 0
1111 1 0 0 0 0 0 1 1 1
1112 2 0 0 1 0 0 1 0 0
1116 5 0 0 0 0 0 1 0 0
1117 2 0 0 1 0 0 1 0 0
1120 1 0 0 0 0 0 1 0 0
1125 5 1 1 2 0 0 0 0 0
1126 8 0 0 2 0 0 2 0 0
1132 2 0 0 0 0 0 0 0 0
1140 2 0 0 2 0 0 0 0 0
1141 2 0 0 0 0 0 0 0 0
1144 4 0 0 2 0 0 2 1 1
1145 4 0 0 2 0 0 2 0 0
1157 2 0 0 0 0 0 0 0 0
1170 6 0 0 2 0 0 0 0 0
1180 16 0 0 4 0 0 6 0 0
1192 6 1 1 2 0 0 0 0 0
1201 6 1 1 2 0 0 2 0 0
1208 6 0 0 0 0 0 0 0 0
1210 8 2 1 2 0 0 0 0 0
1229 4 0 0 2 0 0 0 0 0
1248 6 0 0 2 0 0 2 0 0
1250 10 0 0 4 0 0 0 0 0
1298 4 0 0 2 1 1 0 0 0
1299 3 0 0 1 0 0 1 0 0
1302 6 1 1 0 0 0 0 0 0
1311 6 0 0 2 0 0 0 0 0
1313 8 0 0 4 0 0 2 0 0
1315 6 0 0 2 0 0 0 0 0
1331 4 1 1 0 0 0 0 0 0
1335 2 0 0 0 0 0 0 0 0
1336 4 0 0 2 0 0 0 0 0
1353 4 0 0 2 0 0 0 0 0
1354 3 0 0 1 0 0 1 0 0
1357 6 0 0 4 0 0 4 0 0
1362 4 0 0 2 0 0 0 0 0
1372 8 1 1 2 0 0 0 0 0
1381 4 0 0 2 0 0 0 0 0
1382 4 0 0 1 0 0 0 0 0
1387 2 0 0 0 0 0 1 0 0
1394 6 0 0 0 0 0 0 0 0
1398 8 1 1 2 0 0 0 0 0
1417 18 0 0 24 0 0 0 0 0
fn=expand_dynamic_string_token
378 12 2 2 0 0 0 12 1 1
388 4 0 0 0 0 0 0 0 0
391 2 0 0 0 0 0 0 0 0
392 4 0 0 0 0 0 0 0 0
403 6 0 0 12 0 0 0 0 0
fn=fillin_rpath
447 14 2 2 0 0 0 15 0 0
449 1 0 0 0 0 0 0 0 0
451 10 1 1 0 0 0 0 0 0
458 2 0 0 1 0 0 0 0 0
460 4 1 1 0 0 0 0 0 0
464 1 0 0 0 0 0 0 0 0
469 2 0 0 0 0 0 0 0 0
470 1 0 0 0 0 0 0 0 0
477 6 0 0 1 0 0 0 0 0
482 5 1 1 0 0 0 1 0 0
486 15 1 1 6 0 0 0 0 0
487 12 0 0 4 0 0 0 0 0
505 4 1 1 1 0 0 1 0 0
509 15 1 1 3 0 0 5 0 0
511 2 0 0 2 0 0 0 0 0
515 1 0 0 0 0 0 1 1 1
516 1 0 0 0 0 0 0 0 0
517 5 0 0 0 0 0 2 0 0
518 1 0 0 0 0 0 1 0 0
520 5 1 1 2 0 0 0 0 0
526 5 0 0 1 0 0 0 0 0
527 15 0 0 0 0 0 0 0 0
528 4 0 0 0 0 0 4 0 0
530 2 1 1 1 0 0 1 0 0
531 2 0 0 1 0 0 0 0 0
536 2 0 0 0 0 0 1 0 0
538 1 0 0 0 0 0 1 0 0
539 2 0 0 1 0 0 1 0 0
542 3 0 0 0 0 0 1 0 0
544 2 1 1 0 0 0 0 0 0
548 1 0 0 0 0 0 1 0 0
551 8 0 0 12 0 0 0 0 0
fn=open_path
1443 3 0 0 0 0 0 1 0 0
1779 13 2 2 0 0 0 18 3 3
1780 2 0 0 1 0 0 1 1 1
1783 1 0 0 0 0 0 1 0 0
1784 2 0 0 1 0 0 1 0 0
1786 1 0 0 0 0 0 0 0 0
1789 1 0 0 0 0 0 0 0 0
1791 22 2 2 3 0 0 1 1 1
1798 1 0 0 0 0 0 0 0 0
1803 3 0 0 1 0 0 0 0 0
1810 4 0 0 2 0 0 0 0 0
1811 33 2 2 5 0 0 4 0 0
1814 12 0 0 4 0 0 0 0 0
1818 44 0 0 16 0 0 0 0 0
1821 8 1 1 0 0 0 4 0 0
1824 12 0 0 4 0 0 0 0 0
1827 32 0 0 12 0 0 0 0 0
1829 8 0 0 4 0 0 0 0 0
1831 8 1 1 0 0 0 0 0 0
1836 16 1 1 0 0 0 0 0 0
1837 36 1 1 12 0 0 0 0 0
1843 16 2 2 4 0 0 4 0 0
1845 20 0 0 4 0 0 0 0 0
1846 2 0 0 1 1 1 0 0 0
1848 12 0 0 0 0 0 0 0 0
1858 3 0 0 0 0 0 1 0 0
1865 2 0 0 0 0 0 1 0 0
1875 32 1 1 0 0 0 0 0 0
1896 6 1 1 1 0 0 0 0 0
1901 3 0 0 1 0 0 1 0 0
1903 4 0 0 2 0 0 1 0 0
1906 1 1 1 0 0 0 0 0 0
1920 9 0 0 12 0 0 0 0 0
fn=open_verify.isra.0.constprop.0
1466 78 3 2 0 0 0 72 1 1
1505 36 0 0 6 0 0 0 0 0
1518 4 0 0 0 0 0 0 0 0
1536 24 0 0 0 0 0 0 0 0
1538 12 0 0 0 0 0 0 0 0
1543 2 0 0 0 0 0 0 0 0
1549 6 2 1 0 0 0 2 0 0
1550 4 0 0 0 0 0 2 1 1
1555 10 0 0 0 0 0 0 0 0
1557 6 0 0 2 0 0 0 0 0
1559 4 0 0 0 0 0 2 0 0
1561 4 0 0 0 0 0 0 0 0
1567 4 1 1 0 0 0 0 0 0
1583 56 3 3 16 1 1 0 0 0
1657 6 0 0 2 0 0 0 0 0
1662 6 1 1 2 0 0 0 0 0
1664 10 0 0 2 0 0 0 0 0
1670 6 0 0 2 1 1 0 0 0
1676 4 0 0 2 0 0 0 0 0
1677 8 2 1 2 0 0 0 0 0
1678 2 0 0 0 0 0 0 0 0
1698 72 0 0 12 0 0 0 0 0
1699 45 1 1 15 11 11 0 0 0
1700 8 0 0 2 0 0 0 0 0
1704 10 0 0 4 0 0 0 0 0
1705 2 0 0 0 0 0 0 0 0
1729 21 3 3 7 3 3 0 0 0
1731 2 0 0 0 0 0 0 0 0
1732 20 0 0 6 0 0 0 0 0
1735 6 0 0 0 0 0 0 0 0
1740 1 0 0 0 0 0 0 0 0
1741 1 0 0 0 0 0 0 0 0
1744 1 0 0 0 0 0 0 0 0
1747 2 1 1 1 0 0 0 0 0
1748 2 0 0 1 0 0 0 0 0
1749 1 0 0 1 1 1 0 0 0
1750 2 0 0 1 0 0 0 0 0
1751 5 0 0 1 0 0 0 0 0
1761 6 1 1 0 0 0 0 0 0
1765 54 1 1 72 0 0 0 0 0
fl=/build/glibc-kCnsjY/glibc-2.31/elf/dl-lookup.c
fn=_dl_lookup_symbol_x
581 222 0 0 0 0 0 0 0 0
582 3347 2 2 1618 89 81 0 0 0
583 3014 0 0 0 0 0 0 0 0
841 1776 4 4 0 0 0 1554 15 7
843 222 0 0 0 0 0 111 5 2
844 111 0 0 0 0 0 222 2 0
847 555 0 0 111 3 1 111 0 0
851 209 0 0 0 0 0 0 0 0
853 555 2 2 222 0 0 111 0 0
854 444 0 0 333 7 2 0 0 0
860 155 0 0 22 0 0 0 0 0
861 1432 1 1 211 0 0 444 4 2
866 222 0 0 111 0 0 0 0 0
868 55 1 1 11 0 0 0 0 0
885 11 0 0 0 0 0 11 0 0
886 22 1 1 0 0 0 0 0 0
890 700 0 0 200 0 0 0 0 0
930 500 3 2 100 0 0 0 0 0
944 200 0 0 100 7 1 0 0 0
945 3 2 2 0 0 0 1 0 0
947 400 0 0 100 0 0 0 0 0
952 200 0 0 100 0 0 100 0 0
954 999 2 2 1332 0 0 0 0 0
fn=_dl_setup_hash
964 8 1 1 4 0 0 0 0 0
966 4 0 0 4 0 0 0 0 0
968 8 0 0 4 4 4 4 1 1
970 4 0 0 8 1 1 0 0 0
972 12 0 0 0 0 0 0 0 0
973 4 0 0 0 0 0 4 0 0
974 12 1 1 4 0 0 4 0 0
976 4 0 0 0 0 0 4 0 0
977 8 0 0 0 0 0 0 0 0
979 4 0 0 0 0 0 4 0 0
980 4 0 0 0 0 0 0 0 0
981 12 0 0 0 0 0 4 0 0
986 4 0 0 0 0 0 0 0 0
fn=check_match
75 1300 3 2 300 6 4 700 7 3
78 500 2 2 100 37 30 0 0 0
91 600 0 0 0 0 0 0 0 0
94 390 1 0 38 0 0 0 0 0
98 100 2 2 100 0 0 0 0 0
99 100 0 0 0 0 0 0 0 0
101 98 0 0 0 0 0 0 0 0
120 98 0 0 98 22 13 0 0 0
121 882 0 0 294 2 0 0 0 0
122 392 1 1 196 0 0 0 0 0
149 2 1 0 0 0 0 0 0 0
151 8 0 0 2 1 1 0 0 0
152 6 0 0 0 0 0 0 0 0
160 100 2 2 0 0 0 0 0 0
167 500 0 0 700 0 0 0 0 0
fn=do_lookup_x
294 1200 2 2 500 0 0 0 0 0
318 11 1 1 5 0 0 0 0 0
368 1665 6 4 333 0 0 1887 18 10
369 111 0 0 111 3 1 0 0 0
374 111 0 0 0 0 0 0 0 0
375 444 0 0 111 0 0 111 0 0
379 712 3 2 712 15 3 0 0 0
382 712 0 0 0 0 0 0 0 0
386 712 0 0 0 0 0 0 0 0
390 712 0 0 356 11 3 0 0 0
394 1068 0 0 356 2 0 0 0 0
395 444 0 0 0 0 0 111 0 0
400 712 0 0 356 4 0 0 0 0
404 356 0 0 0 0 0 356 0 0
405 356 0 0 0 0 0 356 0 0
408 712 0 0 1068 20 3 0 0 0
409 356 2 2 356 13 2 0 0 0
412 356 0 0 356 0 0 0 0 0
413 356 0 0 0 0 0 0 0 0
415 356 0 0 356 74 37 0 0 0
416 222 0 0 0 0 0 111 0 0
417 1068 0 0 712 0 0 0 0 0
420 712 0 0 356 0 0 0 0 0
423 1424 0 0 0 0 0 0 0 0
426 202 0 0 202 72 55 0 0 0
427 303 2 2 0 0 0 0 0 0
428 101 0 0 0 0 0 0 0 0
430 1616 2 2 303 0 0 505 0 0
433 1015 2 2 203 86 73 0 0 0
435 200 0 0 100 0 0 0 0 0
436 1300 2 2 300 0 0 300 3 2
437 200 0 0 0 0 0 0 0 0
440 100 0 0 0 0 0 0 0 0
443 206 0 0 0 0 0 0 0 0
474 3 1 1 1 0 0 0 0 0
482 200 2 2 100 0 0 0 0 0
498 777 3 2 0 0 0 111 0 0
533 200 1 1 0 0 0 0 0 0
536 740 0 0 100 0 0 0 0 0
540 45 1 1 15 1 0 0 0 0
552 100 0 0 100 0 0 0 0 0
553 100 0 0 0 0 0 200 0 0
554 100 0 0 0 0 0 0 0 0
571 768 0 0 0 0 0 0 0 0
574 11 0 0 0 0 0 0 0 0
575 888 0 0 1332 0 0 0 0 0
fl=/build/glibc-kCnsjY/glibc-2.31/elf/dl-minimal.c
fn=calloc
92 8 3 1 0 0 0 0 0 0
96 8 0 0 0 0 0 0 0 0
99 8 0 0 0 0 0 0 0 0
100 32 1 1 0 0 0 0 0 0
103 8 0 0 0 0 0 0 0 0
fn=free
109 9 0 0 0 0 0 12 1 1
111 15 0 0 3 0 0 0 0 0
118 9 1 1 12 0 0 0 0 0
fn=malloc
49 88 1 1 0 0 0 88 3 3
50 108 0 0 43 0 0 0 0 0
55 4 0 0 0 0 0 1 0 0
56 4 1 1 1 0 0 0 0 0
57 2 0 0 0 0 0 0 0 0
61 66 0 0 0 0 0 22 0 0
62 22 0 0 0 0 0 0 0 0
64 129 2 1 0 0 0 0 0 0
69 5 0 0 1 0 0 0 0 0
70 3 0 0 0 0 0 0 0 0
72 2 0 0 0 0 0 1 0 0
73 8 0 0 0 0 0 0 0 0
75 2 0 0 0 0 0 0 0 0
77 4 0 0 1 0 0 0 0 0
79 4 0 0 1 0 0 1 0 0
82 44 3 1 0 0 0 44 0 0
85 66 0 0 88 0 0 0 0 0
fn=strsep
265 4 1 1 2 1 1 0 0 0
267 4 0 0 2 0 0 0 0 0
268 2 0 0 0 0 0 0 0 0
272 74 1 1 15 0 0 0 0 0
277 56 0 0 0 0 0 0 0 0
279 56 0 0 28 0 0 0 0 0
290 1 0 0 0 0 0 1 0 0
293 1 0 0 0 0 0 0 0 0
294 2 0 0 0 0 0 0 0 0
fl=/build/glibc-kCnsjY/glibc-2.31/elf/dl-misc.c
fn=_dl_name_match_p
282 100 2 2 0 0 0 80 2 2
283 60 0 0 20 0 0 0 0 0
284 5 0 0 0 0 0 0 0 0
286 20 0 0 20 0 0 0 0 0
288 41 0 0 0 0 0 0 0 0
289 104 0 0 26 0 0 0 0 0
292 21 0 0 21 0 0 0 0 0
294 15 1 1 0 0 0 0 0 0
295 60 0 0 80 0 0 0 0 0
fn=_dl_sysdep_read_whole_file
44 6 1 1 0 0 0 5 0 0
47 2 0 0 0 0 0 0 0 0
48 1 0 0 0 0 0 0 0 0
50 6 1 1 0 0 0 0 0 0
52 2 0 0 1 0 0 1 0 0
55 1 0 0 0 0 0 0 0 0
57 8 1 1 0 0 0 0 0 0
68 2 0 0 0 0 0 0 0 0
71 5 0 0 5 0 0 0 0 0
fl=/build/glibc-kCnsjY/glibc-2.31/elf/dl-object.c
fn=_dl_add_to_namespace_list
31 21 3 1 0 0 0 21 0 0
33 18 3 1 3 0 0 0 0 0
35 21 0 0 3 0 0 0 0 0
38 15 0 0 5 0 0 0 0 0
40 2 0 0 0 0 0 2 0 0
42 2 0 0 0 0 0 2 0 0
45 2 0 0 0 0 0 1 0 0
46 24 1 1 3 0 0 3 0 0
47 6 0 0 3 1 0 3 0 0
48 6 0 0 0 0 0 3 0 0
50 12 0 0 3 0 0 0 0 0
51 12 0 0 21 0 0 0 0 0
fn=_dl_new_object
59 36 4 2 0 0 0 36 4 4
62 9 0 0 0 0 0 3 0 0
64 1 1 1 0 0 0 0 0 0
65 1 0 0 0 0 0 0 0 0
69 6 0 0 0 0 0 0 0 0
74 2 0 0 0 0 0 0 0 0
77 20 2 0 2 0 0 0 0 0
89 12 1 1 0 0 0 3 0 0
92 3 0 0 0 0 0 0 0 0
95 3 0 0 0 0 0 3 3 3
96 9 0 0 0 0 0 3 3 3
99 6 1 1 0 0 0 6 1 1
100 3 0 0 0 0 0 0 0 0
101 15 0 0 3 0 0 3 1 1
103 9 0 0 3 0 0 3 0 0
116 6 0 0 3 0 0 0 0 0
122 9 0 0 0 0 0 0 0 0
124 9 2 1 3 3 3 3 0 0
127 12 0 0 3 1 1 3 0 0
128 8 3 1 2 0 0 3 3 3
129 3 0 0 0 0 0 3 0 0
133 6 0 0 0 0 0 3 0 0
136 45 1 1 1 0 0 0 0 0
138 16 0 0 0 0 0 16 5 5
146 6 0 0 0 0 0 3 1 1
147 6 1 1 0 0 0 3 3 3
150 1 1 1 0 0 0 0 0 0
152 18 1 0 3 0 0 0 0 0
154 8 0 0 0 0 0 2 1 1
157 4 0 0 0 0 0 0 0 0
161 6 0 0 2 0 0 0 0 0
165 8 0 0 0 0 0 0 0 0
167 2 0 0 0 0 0 0 0 0
173 1 0 0 0 0 0 1 1 1
176 6 1 1 0 0 0 3 0 0
186 3 0 0 0 0 0 0 0 0
188 8 0 0 0 0 0 0 0 0
192 6 0 0 0 0 0 0 0 0
196 6 1 0 0 0 0 0 0 0
197 2 0 0 0 0 0 0 0 0
205 2 0 0 0 0 0 0 0 0
209 2 0 0 0 0 0 0 0 0
222 4 0 0 0 0 0 0 0 0
242 6 1 1 0 0 0 0 0 0
247 42 0 0 0 0 0 0 0 0
248 126 0 0 42 0 0 0 0 0
250 4 0 0 0 0 0 0 0 0
253 2 0 0 0 0 0 2 0 0
256 2 0 0 0 0 0 2 0 0
260 24 0 0 36 0 0 0 0 0
fl=/build/glibc-kCnsjY/glibc-2.31/elf/dl-open.c
fn=_dl_find_dso_for_object
201 5 1 1 0 0 0 6 0 0
205 7 1 1 1 0 0 1 0 0
206 6 1 1 3 0 0 0 0 0
207 18 0 0 6 0 0 0 0 0
208 2 0 0 1 0 0 0 0 0
211 3 1 1 1 0 0 0 0 0
215 6 0 0 7 0 0 0 0 0
fl=/build/glibc-kCnsjY/glibc-2.31/elf/dl-reloc.c
fn=_dl_protect_relro
309 20 1 1 4 0 0 16 0 0
310 28 0 0 12 1 0 0 0 0
313 12 1 1 4 0 0 0 0 0
317 8 0 0 0 0 0 0 0 0
318 16 0 0 0 0 0 0 0 0
324 12 0 0 12 0 0 0 0 0
fn=_dl_relocate_object
148 48 2 2 0 0 0 52 0 0
158 4 0 0 0 0 0 0 0 0
159 16 0 0 0 0 0 8 0 0
163 4 0 0 0 0 0 0 0 0
164 24 0 0 4 1 0 4 0 0
170 8 0 0 4 0 0 0 0 0
176 8 0 0 4 0 0 0 0 0
177 4 1 1 4 3 0 0 0 0
178 12 0 0 0 0 0 0 0 0
180 12 1 1 4 0 0 0 0 0
187 12 0 0 4 1 0 4 0 0
227 12 0 0 8 0 0 4 0 0
255 172 2 2 80 15 0 30 0 0
258 8 1 1 4 0 0 0 0 0
282 12 0 0 4 0 0 4 0 0
285 8 0 0 4 0 0 0 0 0
302 8 0 0 4 4 0 0 0 0
303 8 1 1 0 0 0 0 0 0
304 32 0 0 48 2 0 0 0 0
fl=/build/glibc-kCnsjY/glibc-2.31/elf/dl-runtime.c
fn=_dl_fixup
66 15 2 2 0 0 0 20 4 2
68 5 0 0 10 2 1 0 0 0
69 5 0 0 5 0 0 0 0 0
72 15 2 2 10 7 3 0 0 0
73 30 0 0 10 2 1 5 0 0
75 15 0 0 10 5 3 0 0 0
80 10 0 0 0 0 0 0 0 0
84 15 0 0 5 5 3 0 0 0
86 8 0 0 0 0 0 0 0 0
88 15 2 2 5 4 2 5 0 0
92 8 0 0 8 7 2 0 0 0
93 16 0 0 4 2 1 0 0 0
94 4 0 0 4 2 1 0 0 0
101 5 0 0 0 0 0 0 0 0
102 20 1 1 5 2 0 0 0 0
112 45 0 0 10 4 2 0 0 0
116 10 0 0 5 0 0 0 0 0
126 60 2 2 25 0 0 0 0 0
141 20 0 0 5 0 0 0 0 0
145 15 0 0 5 2 1 0 0 0
149 20 0 0 20 0 0 0 0 0
fl=/build/glibc-kCnsjY/glibc-2.31/elf/dl-sort-maps.c
fn=_dl_sort_maps
28 18 4 4 0 0 0 26 0 0
30 4 0 0 0 0 0 0 0 0
33 4 0 0 0 0 0 2 0 0
34 38 4 4 4 0 0 2 1 1
35 22 0 0 0 0 0 6 0 0
39 36 0 0 6 0 0 12 0 0
40 24 2 2 6 0 0 6 0 0
42 6 0 0 0 0 0 0 0 0
46 18 1 1 6 0 0 0 0 0
54 52 2 2 14 0 0 0 0 0
56 12 0 0 12 1 1 0 0 0
57 6 0 0 0 0 0 0 0 0
59 12 2 2 6 2 2 0 0 0
60 16 0 0 0 0 0 0 0 0
90 12 1 1 3 0 0 0 0 0
115 30 0 0 8 0 0 0 0 0
118 36 2 2 4 0 0 0 0 0
122 16 0 0 24 0 0 0 0 0
fl=/build/glibc-kCnsjY/glibc-2.31/elf/dl-tls.c
fn=_dl_add_to_slotinfo
887 8 2 2 0 0 0 7 0 0
893 1 0 0 1 0 0 0 0 0
896 3 0 0 1 1 0 0 0 0
901 3 1 1 1 0 0 0 0 0
942 1 0 0 0 0 0 0 0 0
944 1 0 0 0 0 0 2 1 0
945 4 0 0 1 0 0 0 0 0
947 5 0 0 7 0 0 0 0 0
fn=_dl_allocate_tls_init
437 4 1 1 0 0 0 4 0 0
438 1 0 0 0 0 0 0 0 0
442 2 0 0 1 1 0 2 0 0
444 1 0 0 0 0 0 0 0 0
445 1 0 0 0 0 0 0 0 0
448 9 1 1 2 1 0 6 0 0
460 2 0 0 1 0 0 0 0 0
465 12 1 1 1 1 0 0 0 0
471 6 1 1 0 0 0 0 0 0
474 1 0 0 1 1 0 0 0 0
475 1 0 0 0 0 0 0 0 0
481 5 0 0 2 0 0 0 0 0
482 2 0 0 0 0 0 0 0 0
484 5 1 1 1 1 0 1 0 0
485 1 0 0 0 0 0 1 0 0
487 2 0 0 0 0 0 0 0 0
488 2 0 0 1 1 0 0 0 0
491 2 0 0 0 0 0 0 0 0
492 4 0 0 2 0 0 0 0 0
497 1 0 0 0 0 0 0 0 0
504 1 0 0 0 0 0 1 0 0
507 9 0 0 5 0 0 0 0 0
521 5 1 1 8 0 0 1 0 0
524 4 0 0 4 0 0 0 0 0
fn=_dl_allocate_tls_storage
332 4 2 2 0 0 0 5 0 0
345 3 0 0 1 0 0 0 0 0
346 4 0 0 1 0 0 0 0 0
347 1 0 0 0 0 0 0 0 0
367 5 0 0 0 0 0 0 0 0
374 4 0 0 0 0 0 0 0 0
379 2 0 0 0 0 0 1 0 0
381 3 1 1 0 0 0 0 0 0
382 1 0 0 0 0 0 0 0 0
385 5 0 0 5 0 0 0 0 0
fn=_dl_count_modids
113 4 1 1 1 0 0 0 0 0
114 1 0 0 1 1 1 0 0 0
129 1 0 0 0 0 0 0 0 0
fn=_dl_determine_tlsoffset
135 2 0 0 0 0 0 2 0 0
136 1 0 0 0 0 0 0 0 0
137 1 0 0 0 0 0 0 0 0
138 1 0 0 0 0 0 0 0 0
141 4 2 2 1 0 0 0 0 0
144 2 0 0 1 0 0 0 0 0
225 1 0 0 0 0 0 0 0 0
227 9 1 1 2 0 0 0 0 0
229 4 1 1 1 0 0 0 0 0
231 3 0 0 1 0 0 0 0 0
232 2 0 0 1 0 0 0 0 0
234 2 0 0 0 0 0 0 0 0
236 5 0 0 1 0 0 0 0 0
250 4 1 1 0 0 0 0 0 0
251 1 0 0 0 0 0 0 0 0
252 3 0 0 0 0 0 0 0 0
254 2 0 0 0 0 0 1 0 0
255 1 0 0 0 0 0 0 0 0
258 3 0 0 0 0 0 0 0 0
261 1 0 0 0 0 0 0 0 0
264 2 0 0 0 0 0 1 0 0
265 1 0 0 0 0 0 1 0 0
272 1 0 0 0 0 0 1 0 0
273 2 0 0 2 0 0 0 0 0
fn=_dl_next_tls_modid
51 5 1 1 2 0 0 0 0 0
99 3 0 0 0 0 0 1 0 0
103 1 0 0 0 0 0 0 0 0
fn=allocate_dtv
278 4 1 1 0 0 0 4 0 0
285 3 1 1 1 0 0 0 0 0
286 3 0 0 0 0 0 0 0 0
287 1 0 0 0 0 0 0 0 0
290 3 0 0 0 0 0 1 1 1
296 1 0 0 0 0 0 1 0 0
302 3 0 0 4 0 0 0 0 0
fl=/build/glibc-kCnsjY/glibc-2.31/elf/dl-tunables.c
fn=__GI___tunables_init
67 81 1 1 27 0 0 0 0 0
70 52 0 0 0 0 0 0 0 0
73 1574 1 1 258 11 11 0 0 0
77 26 0 0 0 0 0 0 0 0
82 78 0 0 0 0 0 0 0 0
278 3 0 0 1 0 0 0 0 0
287 8 2 2 0 0 0 12 2 2
310 2184 1 1 0 0 0 0 0 0
316 2184 0 0 1092 0 0 0 0 0
328 130 0 0 26 0 0 0 0 0
362 7 0 0 12 0 0 0 0 0
fn=__tunable_get_val
371 149 5 2 15 11 2 0 0 0
380 18 0 0 15 3 0 3 0 0
390 12 2 1 0 0 0 12 0 0
391 12 0 0 0 0 0 0 0 0
397 150 0 0 15 2 0 0 0 0
399 15 0 0 0 0 0 0 0 0
fl=/build/glibc-kCnsjY/glibc-2.31/elf/dl-tunables.h
fn=__GI___tunables_init
119 1599 0 0 538 9 9 0 0 0
120 911 1 1 0 0 0 0 0 0
fl=/build/glibc-kCnsjY/glibc-2.31/elf/dl-version.c
fn=_dl_check_all_versions
362 3 1 1 0 0 0 4 1 0
364 5 0 0 0 0 0 2 0 0
366 10 0 0 4 0 0 0 0 0
367 4 0 0 4 0 0 0 0 0
368 32 1 1 0 0 0 0 0 0
371 5 0 0 6 0 0 0 0 0
fn=_dl_check_map_versions
37 32 1 1 6 0 0 0 0 0
38 8 0 0 8 0 0 0 0 0
39 44 1 1 0 0 0 0 0 0
57 8 0 0 8 1 0 0 0 0
65 12 1 1 4 0 0 0 0 0
66 9 0 0 0 0 0 3 0 0
71 8 0 0 4 1 0 0 0 0
87 4 0 0 4 1 0 0 0 0
88 4 0 0 0 0 0 0 0 0
90 8 0 0 4 0 0 0 0 0
95 27 1 1 9 2 2 0 0 0
109 27 0 0 9 1 1 0 0 0
111 4 1 1 4 0 0 0 0 0
114 20 0 0 4 0 0 0 0 0
121 10 0 0 5 1 1 0 0 0
125 5 0 0 0 0 0 0 0 0
143 2 0 0 0 0 0 0 0 0
156 20 2 2 0 0 0 24 1 0
157 4 0 0 0 0 0 4 0 0
165 4 0 0 0 0 0 0 0 0
171 8 0 0 4 1 0 0 0 0
173 8 0 0 4 0 0 4 0 0
175 8 0 0 4 1 1 4 0 0
176 8 0 0 4 1 0 4 0 0
178 4 0 0 0 0 0 0 0 0
181 16 1 1 4 0 0 18 0 0
185 6 0 0 2 2 2 0 0 0
199 1 0 0 0 0 0 0 0 0
201 12 0 0 9 0 0 0 0 0
209 6 0 0 3 0 0 0 0 0
214 18 0 0 6 1 1 3 0 0
218 48 1 1 30 1 0 2 0 0
220 4 0 0 4 1 1 0 0 0
222 9 0 0 4 0 0 4 0 0
225 16 0 0 4 0 0 0 0 0
228 11 0 0 4 0 0 0 0 0
233 1 0 0 0 0 0 0 0 0
237 9 1 1 6 0 0 0 0 0
242 2 0 0 0 0 0 1 0 0
251 17 1 1 20 0 0 0 0 0
254 10 0 0 6 0 0 0 0 0
257 64 0 0 16 3 3 0 0 0
260 32 0 0 16 2 2 0 0 0
264 14 0 0 0 0 0 0 0 0
268 3 1 1 0 0 0 0 0 0
273 3 0 0 0 0 0 3 1 0
274 15 1 1 0 0 0 0 0 0
275 3 0 0 0 0 0 0 0 0
285 3 1 1 0 0 0 3 0 0
288 9 0 0 6 2 0 3 0 0
290 6 0 0 3 0 0 0 0 0
293 10 0 0 6 0 0 0 0 0
295 1 1 1 0 0 0 0 0 0
297 9 0 0 3 0 0 0 0 0
300 8 0 0 4 0 0 0 0 0
302 8 0 0 0 0 0 0 0 0
304 14 1 1 4 0 0 0 0 0
305 8 0 0 0 0 0 8 2 2
306 12 0 0 4 0 0 4 2 2
307 12 0 0 4 0 0 4 0 0
310 8 0 0 4 0 0 0 0 0
315 1 0 0 0 0 0 0 0 0
318 6 0 0 3 0 0 0 0 0
323 1 0 0 0 0 0 0 0 0
328 6 0 0 3 0 0 0 0 0
331 10 0 0 6 0 0 0 0 0
335 14 0 0 28 0 0 0 0 0
337 32 0 0 16 0 0 0 0 0
341 14 0 0 14 0 0 0 0 0
342 58 0 0 0 0 0 14 4 4
343 42 0 0 14 0 0 14 0 0
344 14 0 0 0 0 0 14 1 1
347 32 1 1 16 0 0 0 0 0
351 14 0 0 0 0 0 0 0 0
357 16 0 0 20 0 0 0 0 0
fl=/build/glibc-kCnsjY/glibc-2.31/elf/do-rel.h
fn=_dl_relocate_object
46 8 0 0 0 0 0 0 0 0
47 8 0 0 0 0 0 0 0 0
48 8 0 0 8 1 0 0 0 0
58 8 0 0 0 0 0 0 0 0
61 58 0 0 0 0 0 0 0 0
83 6 0 0 6 2 0 0 0 0
84 6 1 1 6 0 0 0 0 0
86 12 0 0 0 0 0 0 0 0
98 24 1 1 0 0 0 0 0 0
108 4 0 0 0 0 0 0 0 0
111 3815 1 1 0 0 0 0 0 0
118 12 0 0 6 5 0 0 0 0
121 5 0 0 5 3 0 0 0 0
124 367 1 1 3 0 0 0 0 0
136 354 1 1 354 76 62 0 0 0
137 472 0 0 0 0 0 118 1 0
138 421 0 0 118 1 0 0 0 0
139 118 0 0 0 0 0 0 0 0
160 25 0 0 1 0 0 2 0 0
170 30 1 1 10 1 1 5 0 0
171 5 0 0 0 0 0 0 0 0
fn=_dl_start
83 1 0 0 1 0 0 0 0 0
84 1 0 0 1 0 0 0 0 0
111 159 0 0 0 0 0 0 0 0
116 2 0 0 1 0 0 0 0 0
124 42 0 0 6 0 0 0 0 0
136 24 1 1 24 3 3 0 0 0
137 24 0 0 0 0 0 0 0 0
139 12 0 0 0 0 0 0 0 0
fl=/build/glibc-kCnsjY/glibc-2.31/elf/get-dynamic-info.h
fn=_dl_map_object_from_fd
42 2 0 0 0 0 0 0 0 0
46 2 0 0 0 0 0 0 0 0
48 92 0 0 46 13 13 0 0 0
50 88 0 0 0 0 0 0 0 0
52 20 0 0 0 0 0 0 0 0
53 14 0 0 0 0 0 0 0 0
60 6 0 0 0 0 0 0 0 0
63 32 0 0 0 0 0 0 0 0
64 28 0 0 0 0 0 8 3 3
65 8 0 0 0 0 0 0 0 0
67 2 0 0 0 0 0 0 0 0
68 10 0 0 0 0 0 0 0 0
69 4 0 0 0 0 0 0 0 0
71 10 1 1 0 0 0 0 0 0
72 6 1 1 0 0 0 0 0 0
73 72 1 1 0 0 0 36 8 8
81 2 1 1 0 0 0 0 0 0
101 7 0 0 3 0 0 1 0 0
102 10 0 0 4 0 0 2 0 0
103 10 1 1 4 0 0 2 0 0
104 10 0 0 4 0 0 2 0 0
106 10 0 0 4 0 0 2 0 0
111 10 0 0 4 0 0 2 0 0
112 7 2 1 3 1 1 1 0 0
113 10 0 0 4 0 0 2 0 0
118 4 0 0 2 0 0 0 0 0
123 6 0 0 2 0 0 0 0 0
130 4 2 1 2 0 0 0 0 0
131 8 0 0 4 0 0 0 0 0
149 4 0 0 2 0 0 0 0 0
163 4 0 0 2 0 0 0 0 0
165 3 1 1 1 0 0 1 0 0
166 1 0 0 0 0 0 0 0 0
175 3 0 0 1 0 0 0 0 0
180 1 0 0 0 0 0 0 0 0
183 4 1 0 2 0 0 0 0 0
fn=_dl_start
33 1 0 0 0 0 0 0 0 0
48 42 0 0 21 6 6 0 0 0
50 40 1 1 0 0 0 0 0 0
52 10 0 0 0 0 0 0 0 0
53 7 0 0 0 0 0 0 0 0
60 3 0 0 0 0 0 0 0 0
63 16 1 1 0 0 0 0 0 0
64 14 0 0 0 0 0 4 0 0
65 4 1 1 0 0 0 0 0 0
67 1 0 0 0 0 0 0 0 0
68 5 1 1 0 0 0 0 0 0
69 2 0 0 0 0 0 0 0 0
71 5 0 0 0 0 0 0 0 0
72 3 0 0 0 0 0 0 0 0
73 18 1 1 0 0 0 16 0 0
81 1 0 0 0 0 0 0 0 0
101 5 0 0 2 0 0 1 0 0
102 5 1 1 2 0 0 1 0 0
103 5 0 0 2 0 0 1 0 0
104 5 0 0 2 0 0 1 0 0
106 5 1 1 2 0 0 1 0 0
111 5 0 0 2 0 0 1 0 0
112 5 0 0 2 0 0 1 0 0
113 5 0 0 2 0 0 1 0 0
118 2 1 1 1 0 0 0 0 0
123 3 0 0 1 0 0 0 0 0
130 2 0 0 1 0 0 0 0 0
131 4 0 0 2 0 0 0 0 0
139 2 0 0 1 0 0 0 0 0
142 2 1 1 1 0 0 0 0 0
146 2 0 0 1 0 0 0 0 0
147 2 0 0 1 0 0 0 0 0
fn=dl_main
33 1 0 0 1 0 0 0 0 0
42 1 0 0 0 0 0 0 0 0
46 1 0 0 0 0 0 0 0 0
48 56 1 1 28 8 8 0 0 0
50 54 0 0 0 0 0 0 0 0
52 12 0 0 0 0 0 0 0 0
53 8 0 0 0 0 0 0 0 0
60 3 1 1 0 0 0 0 0 0
63 19 1 1 0 0 0 0 0 0
64 17 1 1 0 0 0 5 3 3
65 4 1 1 0 0 0 0 0 0
67 1 0 0 0 0 0 0 0 0
68 5 0 0 0 0 0 0 0 0
69 2 0 0 0 0 0 0 0 0
71 5 1 1 0 0 0 0 0 0
72 3 0 0 0 0 0 0 0 0
73 23 0 0 0 0 0 22 4 4
81 2 0 0 1 0 0 0 0 0
101 2 1 1 1 0 0 0 0 0
102 5 0 0 2 0 0 1 0 0
103 5 0 0 2 0 0 1 0 0
104 5 1 1 2 0 0 1 0 0
106 5 0 0 2 0 0 1 0 0
111 5 0 0 2 0 0 1 0 0
112 5 1 1 2 0 0 1 0 0
113 5 0 0 2 0 0 1 0 0
118 2 0 0 1 0 0 0 0 0
123 3 0 0 1 0 0 0 0 0
130 2 0 0 1 0 0 0 0 0
131 4 1 1 2 0 0 0 0 0
149 2 0 0 1 0 0 0 0 0
154 2 0 0 1 0 0 1 0 0
156 1 0 0 0 0 0 0 0 0
158 1 0 0 0 0 0 0 0 0
160 1 0 0 0 0 0 0 0 0
161 2 1 1 0 0 0 1 0 0
163 2 0 0 1 0 0 0 0 0
165 3 1 1 1 0 0 1 0 0
166 1 0 0 0 0 0 0 0 0
175 2 0 0 1 0 0 0 0 0
180 1 0 0 0 0 0 0 0 0
181 3 0 0 1 0 0 1 0 0
183 2 0 0 1 0 0 0 0 0
fl=/build/glibc-kCnsjY/glibc-2.31/elf/rtld.c
fn=_dl_start
462 2 0 0 0 0 0 1 1 1
463 9 1 1 0 0 0 7 3 3
496 166 0 0 0 0 0 0 0 0
497 1 0 0 0 0 0 0 0 0
499 83 0 0 0 0 0 83 11 11
504 1 0 0 0 0 0 1 0 0
507 1 0 0 0 0 0 1 1 1
518 1 0 0 0 0 0 0 0 0
523 23 1 1 9 0 0 2 0 0
525 3 0 0 1 1 1 1 0 0
541 3 0 0 1 0 0 0 0 0
550 5 1 0 6 1 0 0 0 0
fn=_dl_start_final
412 6 2 2 0 0 0 6 1 1
423 4 0 0 1 0 0 1 1 1
424 2 0 0 1 0 0 1 1 1
425 4 0 0 0 0 0 0 0 0
427 4 0 0 2 1 1 2 1 1
428 3 1 1 1 1 1 1 0 0
430 3 0 0 0 0 0 0 0 0
431 2 0 0 0 0 0 1 0 0
432 3 1 1 0 0 0 1 0 0
433 3 0 0 0 0 0 1 1 1
434 3 0 0 0 0 0 1 0 0
443 2 0 0 0 0 0 1 0 0
449 4 0 0 0 0 0 0 0 0
451 3 1 0 1 0 0 0 0 0
459 4 0 0 6 1 0 0 0 0
fn=dl_main
817 2 0 0 1 1 0 0 0 0
821 3 0 0 1 1 0 1 0 0
830 4 0 0 3 1 0 1 0 0
835 1 0 0 0 0 0 1 0 0
1090 14 2 2 0 0 0 16 4 4
1096 3 0 0 0 0 0 0 0 0
1099 1 0 0 0 0 0 0 0 0
1102 5 0 0 0 0 0 1 0 0
1106 3 0 0 0 0 0 1 1 1
1107 3 1 1 0 0 0 1 0 0
1112 3 0 0 0 0 0 1 0 0
1122 6 1 1 2 0 0 0 0 0
1330 10 1 1 0 0 0 1 0 0
1332 1 0 0 0 0 0 0 0 0
1333 1 0 0 0 0 0 1 1 1
1334 2 0 0 1 0 0 1 0 0
1335 3 1 1 2 0 0 1 0 0
1339 2 0 0 0 0 0 0 0 0
1340 3 0 0 1 0 0 0 0 0
1361 1 0 0 0 0 0 1 0 0
1362 1 0 0 0 0 0 1 0 0
1364 2 1 1 0 0 0 1 0 0
1366 3 0 0 1 0 0 1 0 0
1369 32 0 0 1 0 0 0 0 0
1370 75 4 4 9 5 5 0 0 0
1374 3 1 1 1 0 0 1 0 0
1375 1 0 0 0 0 0 0 0 0
1379 4 0 0 2 0 0 1 0 0
1380 1 0 0 0 0 0 0 0 0
1388 4 0 0 0 0 0 1 0 0
1389 3 0 0 2 1 1 0 0 0
1391 1 0 0 0 0 0 1 0 0
1398 2 0 0 1 0 0 0 0 0
1410 1 1 1 0 0 0 0 0 0
1416 1 0 0 0 0 0 0 0 0
1424 4 0 0 2 0 0 0 0 0
1425 8 0 0 3 1 1 0 0 0
1426 6 0 0 2 0 0 0 0 0
1427 1 1 1 0 0 0 1 0 0
1430 6 0 0 2 1 1 0 0 0
1431 4 0 0 0 0 0 0 0 0
1432 4 0 0 0 0 0 2 0 0
1433 6 0 0 2 0 0 0 0 0
1434 3 0 0 0 0 0 1 0 0
1456 2 0 0 0 0 0 0 0 0
1461 3 0 0 1 0 0 1 0 0
1462 1 0 0 0 0 0 0 0 0
1465 2 0 0 1 0 0 1 0 0
1466 2 0 0 1 0 0 1 0 0
1478 2 0 0 1 1 1 0 0 0
1481 1 0 0 0 0 0 0 0 0
1483 1 0 0 0 0 0 0 0 0
1485 3 1 1 1 0 0 0 0 0
1498 3 0 0 1 0 0 0 0 0
1499 5 0 0 2 0 0 0 0 0
1500 1 0 0 1 0 0 0 0 0
1501 3 0 0 2 0 0 0 0 0
1504 4 1 1 0 0 0 1 0 0
1506 1 0 0 0 0 0 1 1 1
1507 2 0 0 0 0 0 1 0 0
1509 2 0 0 1 0 0 0 0 0
1510 1 0 0 0 0 0 1 0 0
1514 3 0 0 1 0 0 0 0 0
1516 1 0 0 0 0 0 0 0 0
1521 2 0 0 0 0 0 0 0 0
1524 3 0 0 1 0 0 0 0 0
1549 10 1 1 1 0 0 1 0 0
1554 5 1 1 1 0 0 1 0 0
1557 6 0 0 1 0 0 1 0 0
1559 1 0 0 0 0 0 1 0 0
1564 2 0 0 1 0 0 0 0 0
1567 4 1 1 2 0 0 1 0 0
1568 5 0 0 1 0 0 1 0 0
1569 2 0 0 0 0 0 1 0 0
1570 1 0 0 0 0 0 1 0 0
1571 3 0 0 1 0 0 1 0 0
1572 3 0 0 1 0 0 1 0 0
1577 4 1 1 1 0 0 0 0 0
1578 4 1 1 1 0 0 1 0 0
1595 5 1 1 1 1 1 0 0 0
1596 3 0 0 1 0 0 0 0 0
1598 2 0 0 1 0 0 0 0 0
1600 2 1 1 0 0 0 1 0 0
1601 3 0 0 1 0 0 1 0 0
1605 2 0 0 0 0 0 0 0 0
1606 1 0 0 0 0 0 0 0 0
1607 9 0 0 1 1 1 0 0 0
1609 3 0 0 1 0 0 1 1 1
1610 2 0 0 1 0 0 1 0 0
1615 3 1 1 1 1 1 0 0 0
1620 2 0 0 0 0 0 1 0 0
1621 5 0 0 1 0 0 0 0 0
1622 4 0 0 2 0 0 1 0 0
1640 2 0 0 0 0 0 1 0 0
1648 2 1 1 1 0 0 0 0 0
1651 2 0 0 1 0 0 1 0 0
1655 3 0 0 1 0 0 0 0 0
1660 3 0 0 1 0 0 1 0 0
1661 1 0 0 0 0 0 0 0 0
1662 1 0 0 0 0 0 0 0 0
1666 3 1 1 1 0 0 0 0 0
1682 3 0 0 2 0 0 0 0 0
1684 1 0 0 0 0 0 0 0 0
1686 4 0 0 2 0 0 0 0 0
1690 6 1 1 0 0 0 0 0 0
1694 4 0 0 2 0 0 0 0 0
1709 6 1 1 0 0 0 0 0 0
1785 3 0 0 2 0 0 0 0 0
1789 14 2 2 0 0 0 1 0 0
1790 1 1 1 0 0 0 0 0 0
1793 3 0 0 0 0 0 1 0 0
1794 1 0 0 1 0 0 0 0 0
1795 1 0 0 0 0 0 0 0 0
1796 2 0 0 0 0 0 0 0 0
1805 8 0 0 1 0 0 0 0 0
1810 14 0 0 1 0 0 0 0 0
1811 19 1 1 9 0 0 4 0 0
1814 4 0 0 2 0 0 1 0 0
1815 2 0 0 1 0 0 0 0 0
1816 1 1 1 0 0 0 1 0 0
1818 8 0 0 0 0 0 0 0 0
1819 16 0 0 4 0 0 0 0 0
1829 3 1 1 0 0 0 1 0 0
1831 4 0 0 1 0 0 1 0 0
1832 2 1 1 1 0 0 0 0 0
1834 3 0 0 0 0 0 1 0 0
1836 3 0 0 0 0 0 0 0 0
1838 3 0 0 1 0 0 0 0 0
1839 1 0 0 1 0 0 0 0 0
1852 2 1 1 0 0 0 0 0 0
1853 2 0 0 0 0 0 1 0 0
1854 3 0 0 1 0 0 0 0 0
1865 4 0 0 1 0 0 1 0 0
1866 1 0 0 0 0 0 1 0 0
1867 7 1 1 0 0 0 0 0 0
1877 3 0 0 1 0 0 1 0 0
1878 2 0 0 1 0 0 0 0 0
1879 3 1 1 0 0 0 1 0 0
1881 2 1 1 1 0 0 0 0 0
1886 2 0 0 1 0 0 0 0 0
2116 2 1 1 1 1 0 0 0 0
2172 2 1 1 0 0 0 1 0 0
2176 4 0 0 2 0 0 2 0 0
2182 2 0 0 1 0 0 1 0 0
2185 1 0 0 0 0 0 0 0 0
2217 3 1 1 1 0 0 0 0 0
2239 5 1 1 1 0 0 0 0 0
2242 3 0 0 1 0 0 1 0 0
2246 2 0 0 1 0 0 0 0 0
2247 13 0 0 0 0 0 0 0 0
2249 8 1 1 8 2 0 0 0 0
2254 8 0 0 8 2 0 0 0 0
2256 7 1 1 1 1 0 0 0 0
2258 2 1 1 0 0 0 1 0 0
2259 1 0 0 1 0 0 0 0 0
2262 12 0 0 4 0 0 4 0 0
2264 17 0 0 4 1 0 2 0 0
2265 21 0 0 6 2 0 0 0 0
2269 11 0 0 5 1 0 0 0 0
2270 4 0 0 0 0 0 0 0 0
2278 3 0 0 1 0 0 0 0 0
2280 1 0 0 0 0 0 0 0 0
2283 5 0 0 2 1 0 0 0 0
2285 4 1 1 1 0 0 1 0 0
2292 3 0 0 1 0 0 0 0 0
2295 3 0 0 1 0 0 0 0 0
2304 6 0 0 2 0 0 0 0 0
2306 4 1 1 1 0 0 0 0 0
2319 3 0 0 1 0 0 1 0 0
2320 6 0 0 1 1 0 0 0 0
2330 1 0 0 0 0 0 0 0 0
2334 3 0 0 1 0 0 0 0 0
2355 4 0 0 0 0 0 0 0 0
2356 1 0 0 0 0 0 1 0 0
2357 1 0 0 0 0 0 0 0 0
2358 1 0 0 0 0 0 0 0 0
2362 1 0 0 0 0 0 0 0 0
2367 9 1 1 12 2 0 0 0 0
2533 3 0 0 1 0 0 1 1 1
2535 1 0 0 0 0 0 1 0 0
2536 1 0 0 0 0 0 0 0 0
2540 7 0 0 1 0 0 1 0 0
2542 9 0 0 3 0 0 0 0 0
2544 2 0 0 0 0 0 0 0 0
2546 86 1 1 21 0 0 0 0 0
2547 19 0 0 0 0 0 0 0 0
2549 4 0 0 0 0 0 0 0 0
2555 13 3 3 0 0 0 0 0 0
2576 5 1 1 1 0 0 0 0 0
2583 11 2 2 2 0 0 0 0 0
2585 3 0 0 0 0 0 1 0 0
2586 1 0 0 0 0 0 0 0 0
2631 2 1 1 1 0 0 0 0 0
2632 12 1 1 2 0 0 0 0 0
2634 3 0 0 0 0 0 1 0 0
2635 1 0 0 0 0 0 0 0 0
2639 7 2 2 0 0 0 1 0 0
2667 4 0 0 0 0 0 0 0 0
2674 8 0 0 0 0 0 0 0 0
2704 4 1 1 1 0 0 0 0 0
2736 5 0 0 1 0 0 0 0 0
fn=do_preload
768 7 1 1 0 0 0 6 0 0
774 1 0 0 0 0 0 2 0 0
775 1 0 0 0 0 0 1 0 0
776 2 0 0 0 0 0 1 0 0
778 3 0 0 1 0 0 0 0 0
780 7 1 1 0 0 0 0 0 0
781 2 1 0 1 0 0 0 0 0
789 3 0 0 1 0 0 0 0 0
795 4 0 0 6 0 0 0 0 0
fn=dso_name_valid_for_suid
167 4 1 1 0 0 0 4 0 0
168 3 0 0 1 0 0 0 0 0
176 3 0 0 1 0 0 0 0 0
177 4 0 0 4 0 0 0 0 0
fn=handle_preload_list
858 7 1 1 0 0 0 6 2 2
859 4 1 1 0 0 0 2 0 0
863 5 0 0 2 0 0 0 0 0
866 8 0 0 0 0 0 1 0 0
867 3 1 1 0 0 0 0 0 0
869 4 1 1 0 0 0 0 0 0
870 2 0 0 0 0 0 1 0 0
876 1 0 0 0 0 0 0 0 0
877 4 0 0 1 0 0 0 0 0
880 2 0 0 0 0 0 0 0 0
881 6 0 0 0 0 0 0 0 0
884 9 0 0 9 0 0 0 0 0
fn=init_tls
699 4 1 1 0 0 0 5 0 0
701 4 0 0 1 0 0 1 0 0
705 2 1 1 1 0 0 0 0 0
711 1 0 0 0 0 0 0 0 0
714 1 0 0 0 0 0 1 0 0
715 3 0 0 0 0 0 0 0 0
716 1 0 0 0 0 0 0 0 0
720 1 0 0 0 0 0 0 0 0
721 1 0 0 0 0 0 1 0 0
722 1 0 0 0 0 0 1 0 0
726 2 0 0 1 1 1 0 0 0
727 2 0 0 0 0 0 0 0 0
728 6 1 1 1 0 0 0 0 0
729 4 0 0 4 0 0 0 0 0
730 12 0 0 4 1 0 0 0 0
734 4 0 0 0 0 0 1 1 1
736 1 0 0 0 0 0 0 0 0
738 2 0 0 0 0 0 0 0 0
741 1 0 0 0 0 0 0 0 0
748 1 1 1 0 0 0 0 0 0
749 1 0 0 0 0 0 0 0 0
755 3 0 0 1 0 0 1 0 0
758 1 0 0 0 0 0 0 0 0
761 3 0 0 0 0 0 1 0 0
764 4 0 0 5 0 0 0 0 0
fn=map_doit
606 4 2 2 0 0 0 3 0 0
608 3 0 0 1 0 0 0 0 0
609 6 1 0 2 0 0 1 0 0
611 3 0 0 3 0 0 0 0 0
fn=rtld_lock_default_lock_recursive
802 15 2 2 5 3 1 5 0 0
803 5 0 0 0 0 0 0 0 0
fn=rtld_lock_default_unlock_recursive
808 15 0 0 5 1 0 5 0 0
809 5 0 0 0 0 0 0 0 0
fn=version_check_doit
639 4 2 2 0 0 0 3 1 0
641 6 0 0 2 0 0 0 0 0
645 3 0 0 3 0 0 0 0 0
fl=/build/glibc-kCnsjY/glibc-2.31/io/../sysdeps/unix/sysv/linux/access.c
fn=access
25 1 1 1 0 0 0 0 0 0
29 10 0 0 0 0 0 1 0 0
31 1 0 0 0 0 0 0 0 0
fl=/build/glibc-kCnsjY/glibc-2.31/io/../sysdeps/unix/sysv/linux/close.c
fn=close
26 24 2 2 0 0 0 32 0 0
27 108 2 2 12 0 0 4 0 0
28 32 0 0 32 0 0 0 0 0
fl=/build/glibc-kCnsjY/glibc-2.31/io/../sysdeps/unix/sysv/linux/close_nocancel.c
fn=__GI___close_nocancel
26 15 2 2 0 0 0 0 0 0
27 3 0 0 0 0 0 0 0 0
fl=/build/glibc-kCnsjY/glibc-2.31/io/../sysdeps/unix/sysv/linux/generic/xstat.c
fn=_xstat
35 4 1 1 0 0 0 0 0 0
36 36 0 0 0 0 0 3 0 0
40 4 0 0 0 0 0 0 0 0
fl=/build/glibc-kCnsjY/glibc-2.31/io/../sysdeps/unix/sysv/linux/open64_nocancel.c
fn=__open_nocancel
34 28 1 1 0 0 0 7 1 1
37 42 0 0 0 0 0 0 0 0
45 51 2 2 0 0 0 4 0 0
47 14 0 0 0 0 0 0 0 0
fl=/build/glibc-kCnsjY/glibc-2.31/io/../sysdeps/unix/sysv/linux/read.c
fn=read
25 40 1 1 0 0 0 48 1 1
26 80 1 1 8 2 2 0 0 0
27 40 0 0 48 0 0 0 0 0
fl=/build/glibc-kCnsjY/glibc-2.31/io/../sysdeps/unix/sysv/linux/read_nocancel.c
fn=__read_nocancel
26 10 4 2 0 0 0 0 0 0
27 2 0 0 0 0 0 0 0 0
fl=/build/glibc-kCnsjY/glibc-2.31/io/../sysdeps/unix/sysv/linux/wordsize-64/fxstat.c
fn=_fxstat
33 8 2 2 0 0 0 0 0 0
34 4 1 1 0 0 0 0 0 0
35 20 1 1 0 0 0 0 0 0
39 4 0 0 0 0 0 0 0 0
fl=/build/glibc-kCnsjY/glibc-2.31/io/../sysdeps/unix/sysv/linux/write.c
fn=write
25 5 1 1 0 0 0 6 0 0
26 10 1 1 1 0 0 0 0 0
27 5 0 0 6 0 0 0 0 0
fl=/build/glibc-kCnsjY/glibc-2.31/libio/filedoalloc.c
fn=_IO_file_doallocate
78 10 1 1 2 0 0 7 1 1
83 1 0 0 0 0 0 0 0 0
84 8 0 0 3 2 2 0 0 0
86 4 0 0 1 1 1 0 0 0
97 5 1 1 1 1 1 0 0 0
101 3 0 0 0 0 0 0 0 0
102 1 0 0 0 0 0 0 0 0
104 4 0 0 0 0 0 0 0 0
105 1 0 0 0 0 0 0 0 0
106 10 1 1 9 0 0 0 0 0
fl=/build/glibc-kCnsjY/glibc-2.31/libio/fileops.c
fn=_IO_do_write@@GLIBC_2.17
424 4 0 0 0 0 0 3 0 0
426 6 1 1 0 0 0 0 0 0
427 4 1 1 3 0 0 0 0 0
fn=_IO_file_overflow@@GLIBC_2.17
732 8 2 1 0 0 0 8 0 0
733 4 0 0 2 0 0 0 0 0
740 8 0 0 3 0 0 0 0 0
743 1 1 1 0 0 0 0 0 0
745 2 1 1 0 0 0 0 0 0
746 5 0 0 2 0 0 3 0 0
755 1 0 0 0 0 0 0 0 0
764 4 1 1 2 0 0 0 0 0
767 1 0 0 0 0 0 2 0 0
768 1 0 0 0 0 0 2 0 0
769 1 0 0 0 0 0 1 0 0
771 2 0 0 0 0 0 1 0 0
772 6 0 0 1 0 0 0 0 0
775 4 0 0 0 0 0 0 0 0
776 8 2 1 2 0 0 0 0 0
788 4 0 0 8 0 0 0 0 0
fn=_IO_file_setbuf@@GLIBC_2.17
382 4 1 1 0 0 0 3 0 0
383 2 0 0 0 0 0 0 0 0
386 1 0 0 0 0 0 2 0 0
387 2 0 0 1 0 0 2 0 0
388 1 0 0 0 0 0 2 0 0
390 1 0 0 0 0 0 0 0 0
391 3 1 1 3 0 0 0 0 0
fn=_IO_file_stat
1147 1 1 1 0 0 0 0 0 0
1148 4 1 1 1 0 0 0 0 0
fn=_IO_file_sync@@GLIBC_2.17
793 4 1 1 0 0 0 4 0 0
798 3 0 0 2 0 0 0 0 0
800 1 1 1 2 0 0 0 0 0
801 2 0 0 0 0 0 0 0 0
812 3 1 1 0 0 0 1 0 0
816 3 1 1 4 0 0 0 0 0
fn=_IO_file_write@@GLIBC_2.17
1174 4 1 0 0 0 0 4 0 0
1176 10 0 0 2 0 0 2 0 0
1181 5 1 1 2 1 0 0 0 0
1182 1 0 0 0 0 0 0 0 0
1187 1 0 0 0 0 0 0 0 0
1188 1 0 0 0 0 0 0 0 0
1191 2 0 0 1 0 0 0 0 0
1194 3 1 1 4 0 0 0 0 0
fn=_IO_file_xsputn@@GLIBC_2.17
1198 39 2 2 0 0 0 52 2 2
1204 25 0 0 0 0 0 0 0 0
1205 13 0 0 0 0 0 0 0 0
1211 120 0 0 24 0 0 36 0 0
1228 36 1 1 12 0 0 0 0 0
1229 11 0 0 0 0 0 0 0 0
1232 23 0 0 0 0 0 0 0 0
1234 11 0 0 0 0 0 0 0 0
1236 44 0 0 0 0 0 11 0 0
1237 11 0 0 0 0 0 0 0 0
1238 11 0 0 0 0 0 0 0 0
1240 55 0 0 33 0 0 0 0 0
1244 7 0 0 2 0 0 0 0 0
1250 3 0 0 2 0 0 0 0 0
1251 5 1 1 0 0 0 0 0 0
1253 1 0 0 0 0 0 0 0 0
1264 1 0 0 0 0 0 0 0 0
1265 9 2 2 3 0 0 0 0 0
1268 52 1 1 52 0 0 0 0 0
fn=new_do_write
432 15 2 2 1 0 0 8 0 0
434 2 0 0 1 0 0 0 0 0
441 4 1 1 2 0 0 0 0 0
449 6 0 0 1 1 0 0 0 0
450 4 0 0 1 0 0 0 0 0
452 2 0 0 1 0 0 2 0 0
453 2 1 1 0 0 0 3 0 0
454 1 0 0 0 0 0 1 0 0
455 4 0 0 1 0 0 0 0 0
456 5 0 0 2 0 0 0 0 0
458 6 0 0 8 0 0 0 0 0
fl=/build/glibc-kCnsjY/glibc-2.31/libio/genops.c
fn=_IO_cleanup
786 7 1 1 1 0 0 2 0 0
787 19 2 2 2 0 0 2 0 0
790 10 0 0 4 0 0 2 0 0
799 9 0 0 3 0 0 0 0 0
801 4 0 0 2 0 0 0 0 0
807 13 1 1 3 0 0 2 0 0
815 5 0 0 2 0 0 0 0 0
817 2 0 0 0 0 0 1 0 0
819 1 0 0 1 0 0 0 0 0
820 1 0 0 0 0 0 1 0 0
821 2 0 0 1 0 0 2 0 0
824 6 2 2 2 0 0 0 0 0
826 3 0 0 1 0 0 0 0 0
830 4 1 1 1 0 0 0 0 0
831 14 1 1 6 0 0 2 0 0
838 6 0 0 0 0 0 3 0 0
842 10 0 0 0 0 0 2 0 0
843 1 0 0 0 0 0 0 0 0
863 10 2 2 2 0 0 9 0 0
866 3 0 0 0 0 0 0 0 0
878 12 1 1 11 0 0 0 0 0
fn=_IO_default_setbuf
330 2 0 0 0 0 0 0 0 0
333 1 0 0 0 0 0 2 0 0
337 3 0 0 0 0 0 1 0 0
452 7 2 2 0 0 0 6 0 0
453 6 0 0 2 0 0 0 0 0
455 5 0 0 2 0 0 0 0 0
457 3 1 1 0 0 0 1 0 0
458 1 1 1 0 0 0 0 0 0
465 2 0 0 0 0 0 4 0 0
466 1 0 0 0 0 0 2 0 0
467 1 0 0 0 0 0 0 0 0
468 4 0 0 6 0 0 0 0 0
fn=_IO_default_xsputn
371 10 0 0 0 0 0 9 0 0
374 1 1 1 0 0 0 0 0 0
379 4 1 1 2 0 0 0 0 0
381 1 0 0 0 0 0 0 0 0
382 2 0 0 0 0 0 0 0 0
384 2 1 1 0 0 0 0 0 0
389 1 0 0 0 0 0 0 0 0
393 27 0 0 0 0 0 0 0 0
394 18 0 0 9 0 0 9 0 0
395 3 0 0 0 0 0 1 0 0
397 2 0 0 0 0 0 0 0 0
399 1 0 0 0 0 0 0 0 0
403 1 1 1 0 0 0 0 0 0
404 6 0 0 9 0 0 0 0 0
fn=_IO_doallocbuf
343 4 1 1 0 0 0 4 1 1
344 2 0 0 1 0 0 0 0 0
346 3 1 1 1 0 0 1 0 0
347 6 1 1 2 1 1 0 0 0
350 4 1 1 5 0 0 0 0 0
fn=_IO_flush_all_lockp
686 12 2 2 2 0 0 11 0 0
687 2 0 0 0 0 0 0 0 0
691 7 2 2 1 1 0 2 0 0
692 19 2 2 2 1 1 2 0 0
695 12 0 0 7 3 3 0 0 0
697 6 0 0 0 0 0 3 0 0
698 3 0 0 0 0 0 0 0 0
701 18 3 3 9 5 4 0 0 0
706 5 0 0 2 0 0 0 0 0
707 2 0 0 0 0 0 0 0 0
709 3 1 1 0 0 0 0 0 0
711 6 0 0 0 0 0 3 0 0
715 9 1 1 0 0 0 2 0 0
716 1 0 0 0 0 0 0 0 0
720 13 0 0 13 0 0 0 0 0
fn=_IO_setb
329 9 2 2 1 0 0 6 0 0
330 2 0 0 1 0 0 0 0 0
333 1 0 0 0 0 0 2 0 0
335 5 0 0 0 0 0 1 0 0
338 4 0 0 6 0 0 0 0 0
fl=/build/glibc-kCnsjY/glibc-2.31/libio/libioP.h
fn=_IO_cleanup
941 7 1 1 0 0 0 2 0 0
943 1 0 0 0 0 0 0 0 0
944 2 0 0 0 0 0 0 0 0
fn=_IO_default_setbuf
941 5 0 0 0 0 0 0 0 0
943 1 0 0 0 0 0 0 0 0
944 2 0 0 0 0 0 0 0 0
fn=_IO_default_xsputn
941 5 1 1 0 0 0 0 0 0
fn=_IO_doallocbuf
941 5 0 0 0 0 0 0 0 0
943 1 0 0 0 0 0 0 0 0
944 2 0 0 0 0 0 0 0 0
fn=_IO_file_doallocate
941 5 1 1 0 0 0 0 0 0
943 1 0 0 0 0 0 0 0 0
944 2 0 0 0 0 0 0 0 0
fn=_IO_file_xsputn@@GLIBC_2.17
941 5 1 1 0 0 0 0 0 0
943 1 0 0 0 0 0 0 0 0
944 2 0 0 0 0 0 0 0 0
fn=_IO_flush_all_lockp
941 6 0 0 0 0 0 2 0 0
943 1 0 0 0 0 0 0 0 0
944 2 0 0 0 0 0 0 0 0
fn=new_do_write
944 2 1 1 0 0 0 0 0 0
fl=/build/glibc-kCnsjY/glibc-2.31/libio/vtables.c
fn=check_stdfiles_vtables
84 7 1 1 2 2 0 0 0 0
85 5 1 1 2 1 0 0 0 0
86 5 0 0 2 1 0 0 0 0
88 1 0 0 0 0 0 0 0 0
fl=/build/glibc-kCnsjY/glibc-2.31/malloc/arena.c
fn=malloc_hook_ini
291 3 0 0 1 1 1 0 0 0
fn=memalign_hook_ini
291 3 1 1 1 0 0 0 0 0
fn=ptmalloc_init.part.0
289 9 2 2 2 0 0 6 0 0
294 3 0 0 0 0 0 1 0 0
302 3 0 0 1 0 0 0 0 0
303 7 1 1 0 0 0 0 0 0
304 4 0 0 2 0 0 0 0 0
308 6 1 1 1 1 0 1 1 0
310 1 0 0 0 0 0 0 0 0
313 6 0 0 1 1 0 0 0 0
314 5 0 0 1 1 0 0 0 0
315 5 1 1 1 1 0 0 0 0
316 5 0 0 1 1 0 0 0 0
317 5 0 0 1 1 0 0 0 0
318 5 0 0 1 1 0 0 0 0
319 5 1 1 1 0 0 0 0 0
320 5 0 0 1 0 0 0 0 0
322 5 0 0 1 0 0 0 0 0
323 5 1 1 1 0 0 0 0 0
324 5 0 0 1 0 0 0 0 0
327 5 0 0 1 0 0 0 0 0
396 3 1 1 2 2 1 0 0 0
397 1 0 0 0 0 0 0 0 0
400 3 0 0 0 0 0 1 1 0
401 10 0 0 8 0 0 0 0 0
fn=sysmalloc
536 1 0 0 0 0 0 0 0 0
fn=valloc
291 2 1 1 0 0 0 0 0 0
fl=/build/glibc-kCnsjY/glibc-2.31/malloc/hooks.c
fn=malloc_hook_ini
29 4 1 1 0 0 0 3 0 0
30 3 0 0 1 0 0 1 0 0
32 2 0 0 0 0 0 0 0 0
33 2 0 0 3 0 0 0 0 0
fn=memalign_hook_ini
46 7 1 1 0 0 0 5 0 0
47 3 0 0 1 0 0 1 0 0
50 3 0 0 5 0 0 0 0 0
fl=/build/glibc-kCnsjY/glibc-2.31/malloc/malloc.c
fn=_int_malloc
1208 6 0 0 0 0 0 6 0 0
1210 27 3 3 0 0 0 18 0 0
1635 6 0 0 0 0 0 0 0 0
1868 21 0 0 27 0 0 0 0 0
3513 9 1 1 0 0 0 12 0 0
3553 3 0 0 0 0 0 0 0 0
3577 9 0 0 3 1 1 0 0 0
3584 4 2 2 0 0 0 0 0 0
3612 6 1 1 0 0 0 2 0 0
3635 6 1 1 0 0 0 0 0 0
3637 1 0 0 0 0 0 1 0 0
3638 2 0 0 0 0 0 0 0 0
3640 11 0 0 1 1 1 4 0 0
3697 57 2 2 0 0 0 18 0 0
3698 6 1 1 2 0 0 0 0 0
3716 5 0 0 0 0 0 0 0 0
3717 6 2 2 0 0 0 0 0 0
3718 20 1 1 7 0 0 0 0 0
3722 12 1 1 0 0 0 12 0 0
3728 9 0 0 3 1 1 0 0 0
3795 9 0 0 0 0 0 3 0 0
3892 9 0 0 0 0 0 0 0 0
3917 6 1 1 0 0 0 0 0 0
3919 8 0 0 2 0 0 0 0 0
3922 8 1 1 2 1 1 0 0 0
3990 6 0 0 3 0 0 0 0 0
3991 9 0 0 0 0 0 0 0 0
3992 3 0 0 0 0 0 0 0 0
3993 9 1 1 3 1 1 0 0 0
3994 9 0 0 0 0 0 0 0 0
3999 12 0 0 0 0 0 0 0 0
4003 15 1 1 0 0 0 0 0 0
4006 8 0 0 2 1 1 0 0 0
4103 3 0 0 3 1 1 0 0 0
4104 6 0 0 3 0 0 0 0 0
4106 9 2 2 3 0 0 0 0 0
4109 9 0 0 0 0 0 0 0 0
4111 1 0 0 0 0 0 0 0 0
4112 1 0 0 0 0 0 0 0 0
4113 1 0 0 0 0 0 1 0 0
4114 7 2 2 0 0 0 1 0 0
4116 2 0 0 0 0 0 1 1 1
4119 1 0 0 0 0 0 0 0 0
4126 8 0 0 2 0 0 4 0 0
4141 8 1 1 0 0 0 0 0 0
4142 2 0 0 0 0 0 0 0 0
4147 12 0 0 12 0 0 0 0 0
fn=_int_memalign
1208 1 0 0 0 0 0 0 0 0
1210 5 1 1 0 0 0 0 0 0
4657 3 1 1 0 0 0 4 0 0
4684 8 0 0 0 0 0 4 0 0
4686 1 0 0 0 0 0 0 0 0
4689 1 0 0 0 0 0 0 0 0
4691 3 1 1 0 0 0 0 0 0
4700 5 0 0 0 0 0 0 0 0
4702 3 0 0 0 0 0 0 0 0
4707 3 0 0 1 0 0 0 0 0
4710 2 0 0 0 0 0 0 0 0
4712 2 1 1 1 0 0 0 0 0
4713 2 1 1 0 0 0 2 1 1
4714 3 0 0 4 0 0 0 0 0
4746 4 0 0 4 0 0 0 0 0
fn=_mid_memalign
3266 5 1 1 0 0 0 4 0 0
3271 6 1 1 4 1 0 0 0 0
3272 2 0 0 0 0 0 0 0 0
3273 2 1 1 0 0 0 0 0 0
3276 2 0 0 0 0 0 0 0 0
3280 3 0 0 0 0 0 2 0 0
3281 2 2 2 0 0 0 0 0 0
3285 3 1 1 0 0 0 0 0 0
3293 3 0 0 0 0 0 0 0 0
3301 4 0 0 1 0 0 0 0 0
3303 7 1 1 0 0 0 0 0 0
3304 4 0 0 1 0 0 0 0 0
3326 5 0 0 6 0 0 0 0 0
fn=malloc
1208 2 1 1 0 0 0 2 0 0
1210 4 0 0 0 0 0 1 0 0
2978 3 1 1 1 0 0 0 0 0
3023 4 1 1 0 0 0 4 0 0
3031 6 0 0 4 2 2 0 0 0
3032 2 0 0 0 0 0 0 0 0
3033 4 1 1 0 0 0 0 0 0
3037 2 0 0 0 0 0 2 0 0
3044 9 0 0 2 2 2 0 0 0
3047 4 1 1 1 0 0 0 0 0
3056 3 1 1 1 0 0 0 0 0
3058 6 0 0 0 0 0 0 0 0
3059 6 0 0 2 0 0 0 0 0
3082 6 0 0 8 0 0 0 0 0
fn=malloc_init_state
1795 258 1 1 0 0 0 0 0 0
1798 254 1 1 0 0 0 254 32 32
1802 4 0 0 0 0 0 0 0 0
1806 3 1 1 0 0 0 1 1 1
1807 2 0 0 0 0 0 1 1 0
1809 1 0 0 0 0 0 1 1 1
1810 1 0 0 0 0 0 0 0 0
fn=memalign_hook_ini
3260 3 0 0 0 0 0 0 0 0
3261 3 1 1 0 0 0 0 0 0
fn=sysmalloc
2255 12 2 2 0 0 0 16 0 0
2275 6 0 0 4 1 1 0 0 0
2286 4 0 0 0 0 0 4 0 0
2287 14 1 1 2 2 2 3 0 0
2288 3 1 1 2 0 0 0 0 0
2302 9 0 0 0 0 0 1 0 0
2308 4 0 0 0 0 0 1 0 0
2310 7 1 1 0 0 0 0 0 0
2312 4 0 0 2 0 0 0 0 0
2327 4 1 1 0 0 0 2 0 0
2343 2 1 1 0 0 0 2 1 1
2348 6 0 0 0 0 0 0 0 0
2349 10 1 1 1 0 0 0 0 0
2352 5 0 0 0 0 0 0 0 0
2353 10 1 1 1 0 0 0 0 0
2368 1 0 0 1 0 0 0 0 0
2369 2 0 0 1 0 0 0 0 0
2370 1 0 0 0 0 0 0 0 0
2379 3 0 0 0 0 0 0 0 0
2385 3 1 1 0 0 0 0 0 0
2388 4 0 0 0 0 0 0 0 0
2441 1 1 1 0 0 0 0 0 0
2449 8 1 1 2 0 0 0 0 0
2460 2 1 1 0 0 0 0 0 0
2468 2 0 0 0 0 0 0 0 0
2470 7 0 0 2 1 1 2 0 0
2471 1 0 0 0 0 0 0 0 0
2474 2 0 0 2 0 0 0 0 0
2477 3 1 1 2 1 1 0 0 0
2478 1 0 0 0 0 0 0 0 0
2524 7 0 0 2 0 0 0 0 0
2525 3 1 1 0 0 0 1 0 0
2526 2 0 0 0 0 0 1 0 0
2532 3 0 0 0 0 0 0 0 0
2535 5 1 1 1 0 0 0 0 0
2569 1 0 0 0 0 0 0 0 0
2575 2 0 0 0 0 0 0 0 0
2597 2 1 1 0 0 0 0 0 0
2598 5 0 0 0 0 0 0 0 0
2600 1 0 0 0 0 0 0 0 0
2601 6 0 0 2 0 0 0 0 0
2613 1 0 0 0 0 0 0 0 0
2621 3 0 0 2 0 0 0 0 0
2622 1 0 0 0 0 0 0 0 0
2623 3 1 1 0 0 0 0 0 0
2660 2 1 1 0 0 0 1 0 0
2661 4 0 0 0 0 0 1 1 1
2662 3 0 0 1 0 0 1 0 0
2673 1 0 0 0 0 0 0 0 0
2705 3 1 1 1 0 0 0 0 0
2706 1 0 0 0 0 0 1 0 0
2711 2 0 0 1 0 0 0 0 0
2714 2 0 0 0 0 0 0 0 0
2716 1 0 0 0 0 0 0 0 0
2717 3 1 1 0 0 0 0 0 0
2718 2 0 0 0 0 0 1 0 0
2719 3 0 0 0 0 0 1 0 0
2720 2 0 0 0 0 0 1 1 1
2722 3 0 0 4 0 0 0 0 0
2728 13 1 1 18 0 0 0 0 0
fn=tcache_init.part.0
2972 4 1 1 0 0 0 6 0 0
2981 10 1 1 2 0 0 0 0 0
2982 4 0 0 0 0 0 0 0 0
2983 1 0 0 0 0 0 0 0 0
2991 5 0 0 0 0 0 0 0 0
3000 2 1 1 0 0 0 1 0 0
3001 4 0 0 0 0 0 0 0 0
3004 3 0 0 6 0 0 0 0 0
fn=valloc
3333 5 1 1 0 0 0 4 0 0
3334 3 0 0 1 1 1 0 0 0
3337 3 0 0 0 0 0 0 0 0
3338 2 0 0 1 1 0 0 0 0
3339 3 0 0 1 1 0 0 0 0
3340 2 0 0 4 0 0 0 0 0
fl=/build/glibc-kCnsjY/glibc-2.31/malloc/morecore.c
fn=__default_morecore
46 4 1 1 0 0 0 4 0 0
47 2 0 0 0 0 0 0 0 0
49 2 0 0 0 0 0 0 0 0
52 6 0 0 4 0 0 0 0 0
fl=/build/glibc-kCnsjY/glibc-2.31/malloc/scratch_buffer_set_array_size.c
fn=__libc_scratch_buffer_set_array_size
30 8 1 1 0 0 0 8 0 0
31 2 0 0 0 0 0 0 0 0
34 2 0 0 0 0 0 0 0 0
35 6 0 0 0 0 0 0 0 0
45 6 0 0 2 0 0 0 0 0
46 2 0 0 0 0 0 0 0 0
63 6 1 1 8 0 0 0 0 0
fl=/build/glibc-kCnsjY/glibc-2.31/misc/../sysdeps/unix/syscall-template.S
fn=mprotect
78 24 1 1 0 0 0 0 0 0
79 6 0 0 0 0 0 0 0 0
fn=munmap
78 4 1 1 0 0 0 0 0 0
79 1 0 0 0 0 0 0 0 0
fl=/build/glibc-kCnsjY/glibc-2.31/misc/../sysdeps/unix/sysv/linux/aarch64/ioctl.S
fn=ioctl
23 8 1 1 0 0 0 0 0 0
24 8 0 0 0 0 0 0 0 0
25 8 0 0 0 0 0 0 0 0
26 8 0 0 0 0 0 0 0 0
27 8 0 0 0 0 0 0 0 0
28 8 0 0 0 0 0 0 0 0
fl=/build/glibc-kCnsjY/glibc-2.31/misc/../sysdeps/unix/sysv/linux/aarch64/syscall.S
fn=syscall
30 8 1 1 0 0 0 0 0 0
31 8 0 0 0 0 0 0 0 0
32 8 0 0 0 0 0 0 0 0
33 8 0 0 0 0 0 0 0 0
34 8 1 1 0 0 0 0 0 0
35 8 0 0 0 0 0 0 0 0
36 8 0 0 0 0 0 0 0 0
37 8 0 0 0 0 0 0 0 0
38 8 0 0 0 0 0 0 0 0
39 8 0 0 0 0 0 0 0 0
40 8 0 0 0 0 0 0 0 0
41 4 0 0 0 0 0 0 0 0
43 4 0 0 0 0 0 0 0 0
fl=/build/glibc-kCnsjY/glibc-2.31/misc/../sysdeps/unix/sysv/linux/generic/brk.c
fn=brk
33 2 1 1 0 0 0 0 0 0
36 10 0 0 2 0 0 2 0 0
37 4 0 0 0 0 0 0 0 0
43 2 0 0 0 0 0 0 0 0
44 2 0 0 0 0 0 0 0 0
fl=/build/glibc-kCnsjY/glibc-2.31/misc/../sysdeps/unix/sysv/linux/mmap64.c
fn=mmap
51 16 2 2 0 0 0 0 0 0
59 56 0 0 0 0 0 0 0 0
61 8 0 0 0 0 0 0 0 0
fl=/build/glibc-kCnsjY/glibc-2.31/misc/getauxval.c
fn=getauxval
31 4 2 2 0 0 0 0 0 0
32 5 2 2 3 0 0 0 0 0
48 2 1 1 0 0 0 0 0 0
fl=/build/glibc-kCnsjY/glibc-2.31/misc/init-misc.c
fn=__init_misc
30 4 0 0 0 0 0 4 0 0
31 3 2 2 1 0 0 0 0 0
33 3 0 0 0 0 0 0 0 0
37 4 0 0 1 1 0 0 0 0
38 5 0 0 2 1 0 2 1 0
40 3 0 0 4 0 0 0 0 0
fl=/build/glibc-kCnsjY/glibc-2.31/misc/sbrk.c
fn=sbrk
32 10 1 1 0 0 0 10 0 0
40 11 1 1 5 3 3 0 0 0
41 6 1 1 2 0 0 0 0 0
44 4 0 0 0 0 0 0 0 0
48 4 0 0 0 0 0 0 0 0
56 3 1 1 0 0 0 0 0 0
60 10 0 0 10 0 0 0 0 0
fl=/build/glibc-kCnsjY/glibc-2.31/nptl/alloca_cutoff.c
fn=__libc_alloca_cutoff
28 40 1 1 4 1 1 0 0 0
35 8 1 1 0 0 0 0 0 0
fl=/build/glibc-kCnsjY/glibc-2.31/nptl/register-atfork.c
fn=__unregister_atfork
68 2 1 1 0 0 0 0 0 0
79 10 1 1 0 0 0 10 0 0
80 14 0 0 0 0 0 0 0 0
82 4 0 0 2 0 0 0 0 0
106 12 2 2 0 0 0 0 0 0
107 8 0 0 10 0 0 0 0 0
fl=/build/glibc-kCnsjY/glibc-2.31/posix/../sysdeps/unix/syscall-template.S
fn=getpid
59 2 1 1 0 0 0 0 0 0
60 1 0 0 0 0 0 0 0 0
fn=uname
78 4 1 1 0 0 0 0 0 0
79 1 0 0 0 0 0 0 0 0
fl=/build/glibc-kCnsjY/glibc-2.31/posix/../sysdeps/unix/sysv/linux/_exit.c
fn=_Exit
27 1 1 1 0 0 0 0 0 0
31 6 0 0 1 0 0 0 0 0
fl=/build/glibc-kCnsjY/glibc-2.31/setjmp/../sysdeps/aarch64/setjmp.S
fn=__sigsetjmp
39 5 2 2 0 0 0 10 1 1
40 5 0 0 0 0 0 10 0 0
41 5 0 0 0 0 0 10 0 0
42 5 0 0 0 0 0 10 1 1
43 5 0 0 0 0 0 10 1 1
46 16 0 0 6 0 0 0 0 0
47 5 1 1 0 0 0 10 0 0
54 5 0 0 0 0 0 0 0 0
55 5 0 0 0 0 0 10 1 1
56 5 0 0 0 0 0 10 1 1
57 5 0 0 0 0 0 10 0 0
58 5 0 0 0 0 0 10 0 0
60 5 0 0 0 0 0 0 0 0
61 16 1 1 6 0 0 0 0 0
62 5 0 0 0 0 0 5 0 0
69 4 0 0 0 0 0 0 0 0
70 4 0 0 0 0 0 0 0 0
72 1 0 0 0 0 0 0 0 0
fn=_setjmp
30 1 1 1 0 0 0 0 0 0
31 1 0 0 0 0 0 0 0 0
fl=/build/glibc-kCnsjY/glibc-2.31/setjmp/sigjmp.c
fn=__sigjmp_save
28 4 0 0 0 0 0 3 0 0
29 1 0 0 0 0 0 1 0 0
30 1 0 0 0 0 0 0 0 0
34 4 0 0 3 0 0 0 0 0
fl=/build/glibc-kCnsjY/glibc-2.31/stdio-common/../include/../locale/localeinfo.h
fn=__printf_fp_l
315 12 0 0 8 2 2 4 0 0
330 8 0 0 4 0 0 4 0 0
fl=/build/glibc-kCnsjY/glibc-2.31/stdio-common/../include/rounding-mode.h
fn=__printf_fp_l
46 16 0 0 0 0 0 0 0 0
52 22 1 1 6 0 0 0 0 0
fl=/build/glibc-kCnsjY/glibc-2.31/stdio-common/../libio/libioP.h
fn=__vfprintf_internal
941 7 0 0 0 0 0 1 0 0
943 13 0 0 0 0 0 0 0 0
944 38 0 0 12 1 0 0 0 0
fl=/build/glibc-kCnsjY/glibc-2.31/stdio-common/../sysdeps/aarch64/fpu/get-rounding-mode.h
fn=__printf_fp_l
34 4 0 0 0 0 0 0 0 0
35 4 0 0 0 0 0 0 0 0
fl=/build/glibc-kCnsjY/glibc-2.31/stdio-common/../sysdeps/pthread/allocalim.h
fn=__printf_fp_l
27 8 0 0 0 0 0 0 0 0
29 12 0 0 0 0 0 0 0 0
fl=/build/glibc-kCnsjY/glibc-2.31/stdio-common/_itoa.c
fn=_itoa_word
165 8 1 1 0 0 0 0 0 0
168 24 1 1 0 0 0 0 0 0
170 8 0 0 0 0 0 0 0 0
179 287 4 2 31 1 1 31 0 0
188 4 0 0 0 0 0 0 0 0
fl=/build/glibc-kCnsjY/glibc-2.31/stdio-common/printf-parse.h
fn=__vfprintf_internal
111 28 1 1 0 0 0 0 0 0
fl=/build/glibc-kCnsjY/glibc-2.31/stdio-common/printf_fp.c
fn=__printf_fp
1267 28 2 2 8 1 0 0 0 0
fn=__printf_fp_l
208 68 1 1 12 0 0 56 0 0
225 4 0 0 0 0 0 4 1 0
226 4 1 1 0 0 0 4 0 0
252 4 0 0 0 0 0 0 0 0
258 12 1 1 4 0 0 4 0 0
265 4 0 0 0 0 0 8 0 0
268 12 0 0 0 0 0 0 0 0
289 4 0 0 0 0 0 0 0 0
297 4 0 0 0 0 0 0 0 0
383 8 0 0 4 0 0 0 0 0
387 76 3 3 4 0 0 4 0 0
423 16 0 0 4 0 0 0 0 0
424 4 0 0 0 0 0 0 0 0
425 4 0 0 0 0 0 0 0 0
427 4 0 0 0 0 0 0 0 0
428 52 1 1 0 0 0 8 0 0
429 48 1 1 0 0 0 8 0 0
430 44 1 1 0 0 0 4 0 0
436 4 0 0 0 0 0 8 0 0
437 8 0 0 0 0 0 0 0 0
640 4 1 1 0 0 0 0 0 0
643 4 0 0 0 0 0 0 0 0
651 4 0 0 0 0 0 0 0 0
653 8 0 0 0 0 0 0 0 0
656 12 1 1 0 0 0 0 0 0
657 16 1 1 8 0 0 8 0 0
660 8 0 0 0 0 0 4 0 0
661 28 0 0 4 0 0 8 0 0
666 48 0 0 0 0 0 0 0 0
668 144 1 1 48 5 5 0 0 0
675 12 1 1 10 1 1 0 0 0
681 16 0 0 0 0 0 0 0 0
682 2 0 0 0 0 0 0 0 0
684 6 0 0 4 0 0 0 0 0
685 2 0 0 0 0 0 0 0 0
686 6 1 1 0 0 0 2 0 0
688 14 0 0 4 0 0 0 0 0
689 2 1 1 0 0 0 0 0 0
690 6 0 0 0 0 0 0 0 0
697 10 0 0 2 0 0 0 0 0
709 4 0 0 0 0 0 0 0 0
719 6 0 0 0 0 0 0 0 0
727 4 0 0 0 0 0 2 0 0
728 8 0 0 0 0 0 0 0 0
733 4 0 0 0 0 0 0 0 0
736 4 0 0 2 0 0 0 0 0
737 4 1 1 0 0 0 0 0 0
744 4 0 0 0 0 0 0 0 0
747 12 0 0 2 0 0 0 0 0
760 2 1 1 0 0 0 0 0 0
762 10 0 0 4 0 0 2 0 0
780 184 0 0 0 0 0 0 0 0
782 12 1 1 4 0 0 0 0 0
786 12 0 0 9 0 0 0 0 0
787 6 0 0 3 0 0 3 0 0
790 12 1 1 6 0 0 0 0 0
791 18 0 0 3 0 0 0 0 0
793 3 0 0 3 0 0 0 0 0
799 6 1 1 0 0 0 0 0 0
800 6 0 0 3 0 0 3 0 0
801 3 0 0 0 0 0 0 0 0
804 12 1 1 0 0 0 4 0 0
822 8 0 0 4 0 0 4 0 0
826 8 0 0 0 0 0 4 0 0
831 8 0 0 0 0 0 4 0 0
832 44 1 1 20 1 1 12 0 0
834 8 0 0 0 0 0 0 0 0
844 12 1 1 4 0 0 0 0 0
846 4 1 1 0 0 0 4 0 0
847 24 0 0 8 0 0 4 0 0
848 8 0 0 0 0 0 4 0 0
849 4 1 1 0 0 0 0 0 0
850 12 0 0 4 0 0 4 0 0
858 8 1 1 0 0 0 4 0 0
859 12 1 1 0 0 0 4 0 0
892 4 1 1 0 0 0 0 0 0
906 12 1 1 4 0 0 0 0 0
911 8 1 1 0 0 0 0 0 0
913 8 1 1 0 0 0 0 0 0
923 60 1 1 0 0 0 12 0 0
924 8 0 0 4 0 0 0 0 0
927 20 1 1 8 0 0 0 0 0
945 12 1 1 4 0 0 4 0 0
946 12 1 1 4 0 0 4 0 0
947 12 0 0 4 0 0 4 0 0
951 4 0 0 0 0 0 0 0 0
952 8 0 0 0 0 0 4 0 0
953 60 2 2 4 0 0 0 0 0
954 8 0 0 0 0 0 0 0 0
956 24 0 0 0 0 0 0 0 0
957 72 0 0 0 0 0 24 0 0
958 24 0 0 0 0 0 0 0 0
960 96 0 0 0 0 0 0 0 0
969 16 1 1 8 0 0 0 0 0
970 8 1 1 0 0 0 0 0 0
972 20 0 0 0 0 0 0 0 0
973 2 0 0 0 0 0 0 0 0
974 6 0 0 2 0 0 0 0 0
977 4 0 0 2 0 0 0 0 0
981 2 0 0 0 0 0 0 0 0
982 16 1 1 5 0 0 0 0 0
989 13 0 0 4 0 0 0 0 0
994 3 1 1 1 0 0 0 0 0
998 1 0 0 0 0 0 0 0 0
999 7 1 1 2 0 0 0 0 0
1001 1 0 0 0 0 0 0 0 0
1004 5 0 0 2 0 0 0 0 0
1008 2 1 1 0 0 0 1 0 0
1019 6 0 0 3 0 0 0 0 0
1088 12 0 0 0 0 0 0 0 0
1095 3 1 1 0 0 0 0 0 0
1098 4 0 0 0 0 0 0 0 0
1111 12 1 1 4 0 0 0 0 0
1157 20 1 1 4 0 0 0 0 0
1159 24 1 1 8 0 0 0 0 0
1161 20 0 0 4 0 0 0 0 0
1166 8 0 0 0 0 0 0 0 0
1168 4 1 1 0 0 0 0 0 0
1171 20 1 1 4 0 0 0 0 0
1180 8 1 1 4 0 0 0 0 0
1187 8 0 0 4 0 0 0 0 0
1192 20 0 0 8 0 0 0 0 0
1194 8 0 0 4 0 0 0 0 0
1195 8 0 0 0 0 0 0 0 0
1199 8 0 0 0 0 0 0 0 0
1201 8 1 1 4 0 0 0 0 0
1212 52 1 1 0 0 0 8 0 0
1219 136 1 1 16 0 0 8 0 0
1220 96 0 0 32 0 0 0 0 0
1221 12 1 1 0 0 0 0 0 0
1222 56 0 0 0 0 0 0 0 0
1225 28 0 0 0 0 0 28 0 0
1229 16 0 0 16 0 0 0 0 0
1246 404 2 2 96 0 0 64 1 1
1249 8 1 1 4 0 0 0 0 0
1256 16 1 1 4 0 0 0 0 0
1260 64 2 2 60 0 0 0 0 0
fn=hack_digit
162 140 1 1 0 0 0 140 0 0
165 308 3 3 84 0 0 28 0 0
167 75 0 0 75 0 0 0 0 0
169 75 1 1 25 0 0 0 0 0
170 175 0 0 0 0 0 25 0 0
202 140 0 0 140 0 0 0 0 0
fl=/build/glibc-kCnsjY/glibc-2.31/stdio-common/vfprintf-internal.c
fn=__vfprintf_internal
1289 21 2 2 4 0 0 16 3 3
1320 12 1 1 5 2 2 5 1 1
1324 1 0 0 0 0 0 1 0 0
1328 4 1 1 1 0 0 1 0 0
1332 3 0 0 1 1 1 0 0 0
1343 2 0 0 0 0 0 0 0 0
1350 2 0 0 0 0 0 1 0 0
1354 6 0 0 4 0 0 4 1 1
1358 1 0 0 0 0 0 1 0 0
1365 1 1 1 0 0 0 1 1 1
1369 9 2 2 2 2 2 4 1 1
1370 16 1 1 4 2 2 2 0 0
1373 12 1 1 2 1 1 0 0 0
1377 3 0 0 2 0 0 0 0 0
1381 10 1 1 3 2 2 1 1 1
1402 8 0 0 0 0 0 8 0 0
1403 8 0 0 0 0 0 8 0 0
1404 8 1 1 0 0 0 8 0 0
1405 8 0 0 0 0 0 8 0 0
1406 8 0 0 0 0 0 0 0 0
1407 8 0 0 0 0 0 0 0 0
1408 8 0 0 0 0 0 0 0 0
1409 8 0 0 0 0 0 0 0 0
1410 8 0 0 0 0 0 0 0 0
1411 8 0 0 0 0 0 0 0 0
1412 16 0 0 8 1 1 0 0 0
1415 8 0 0 0 0 0 8 0 0
1416 16 0 0 0 0 0 8 0 0
1419 16 0 0 0 0 0 8 0 0
1420 34 0 0 8 0 0 1 0 0
1423 99 2 2 24 1 1 9 0 0
1623 24 0 0 0 0 0 0 0 0
1660 112 2 2 40 2 2 8 0 0
1665 4 0 0 0 0 0 0 0 0
1666 4 0 0 0 0 0 0 0 0
1667 60 2 2 24 1 1 4 0 0
1681 16 0 0 0 0 0 0 0 0
1682 2 0 0 0 0 0 1 1 1
1687 632 30 25 144 1 0 80 0 0
1705 24 1 1 8 0 0 8 0 0
1707 16 0 0 8 0 0 0 0 0
1715 32 0 0 8 0 0 16 0 0
1719 128 1 1 24 0 0 0 0 0
1721 17 0 0 8 0 0 0 0 0
1741 12 1 1 3 0 0 2 0 0
1742 2 0 0 1 0 0 0 0 0
1745 16 1 1 15 0 0 0 0 0
fl=/build/glibc-kCnsjY/glibc-2.31/stdlib/../stdlib/strtol.c
fn=strtol
106 6 1 1 2 0 0 0 0 0
fl=/build/glibc-kCnsjY/glibc-2.31/stdlib/../stdlib/strtol_l.c
fn=____strtol_l_internal
226 7 1 1 0 0 0 8 0 0
245 1 0 0 0 0 0 0 0 0
246 1 0 0 0 0 0 0 0 0
252 1 0 0 0 0 0 0 0 0
280 1 0 0 0 0 0 0 0 0
283 3 1 1 0 0 0 0 0 0
292 6 1 1 3 2 1 0 0 0
294 1 0 0 0 0 0 0 0 0
298 1 0 0 0 0 0 0 0 0
299 3 0 0 0 0 0 2 0 0
305 3 0 0 0 0 0 0 0 0
308 3 1 1 1 0 0 0 0 0
318 1 0 0 0 0 0 0 0 0
325 2 1 1 0 0 0 0 0 0
328 5 0 0 0 0 0 0 0 0
432 12 0 0 6 0 0 0 0 0
434 24 0 0 1 1 0 0 0 0
436 24 1 1 0 0 0 0 0 0
450 1 0 0 0 0 0 0 0 0
460 6 1 1 1 1 0 0 0 0
464 12 0 0 0 0 0 0 0 0
467 24 1 1 0 0 0 0 0 0
472 1 0 0 0 0 0 0 0 0
473 12 0 0 0 0 0 0 0 0
478 2 0 0 0 0 0 0 0 0
483 1 0 0 0 0 0 0 0 0
489 1 0 0 0 0 0 0 0 0
490 2 0 0 0 0 0 0 0 0
492 2 2 2 0 0 0 0 0 0
507 3 0 0 2 0 0 0 0 0
525 5 0 0 8 0 0 0 0 0
fl=/build/glibc-kCnsjY/glibc-2.31/stdlib/../sysdeps/ieee754/dbl-64/dbl2mpn.c
fn=__mpn_extract_double
35 4 1 1 0 0 0 0 0 0
37 8 0 0 0 0 0 4 0 0
38 12 1 1 0 0 0 4 0 0
47 8 0 0 0 0 0 4 0 0
56 12 0 0 0 0 0 0 0 0
103 8 0 0 0 0 0 4 0 0
107 8 1 1 0 0 0 0 0 0
fl=/build/glibc-kCnsjY/glibc-2.31/stdlib/cxa_atexit.c
fn=__cxa_atexit
70 3 1 1 0 0 0 0 0 0
fn=__internal_atexit
36 5 1 1 0 0 0 8 0 0
41 1 0 0 0 0 0 0 0 0
43 11 1 1 1 0 0 0 0 0
44 3 0 0 0 0 0 0 0 0
46 1 0 0 0 0 0 0 0 0
53 4 0 0 2 0 0 0 0 0
55 1 0 0 0 0 0 2 0 0
57 1 1 1 0 0 0 2 0 0
58 1 0 0 0 0 0 0 0 0
59 6 0 0 1 0 0 0 0 0
60 1 0 0 0 0 0 0 0 0
61 6 1 1 8 0 0 0 0 0
fn=__new_exitfn
82 4 1 1 0 0 0 4 0 0
83 2 0 0 0 0 0 0 0 0
88 3 0 0 1 1 0 0 0 0
93 6 0 0 2 1 0 0 0 0
95 2 1 1 1 0 0 0 0 0
96 1 0 0 0 0 0 0 0 0
103 1 0 0 0 0 0 1 0 0
124 1 0 0 0 0 0 0 0 0
125 3 1 1 0 0 0 1 0 0
138 2 0 0 0 0 0 1 0 0
139 4 1 1 1 0 0 1 0 0
143 3 0 0 4 0 0 0 0 0
fl=/build/glibc-kCnsjY/glibc-2.31/stdlib/cxa_finalize.c
fn=__cxa_finalize
30 16 1 1 0 0 0 24 0 0
33 14 0 0 2 0 0 0 0 0
36 12 1 1 4 0 0 0 0 0
40 12 0 0 2 0 0 0 0 0
43 2 1 1 0 0 0 0 0 0
79 4 0 0 2 0 0 0 0 0
94 10 0 0 4 1 1 0 0 0
98 12 1 1 2 1 1 0 0 0
106 2 0 0 0 0 0 0 0 0
107 4 0 0 0 0 0 0 0 0
109 14 1 1 2 0 0 0 0 0
110 14 0 0 24 0 0 0 0 0
fl=/build/glibc-kCnsjY/glibc-2.31/stdlib/cxa_thread_atexit_impl.c
fn=__call_tls_dtors
145 4 2 2 0 0 0 6 0 0
146 5 0 0 2 0 0 0 0 0
164 4 1 1 6 0 0 0 0 0
fl=/build/glibc-kCnsjY/glibc-2.31/stdlib/exit.c
fn=__run_exit_handlers
40 11 1 1 0 0 0 13 0 0
45 2 0 0 0 0 0 0 0 0
46 2 0 0 0 0 0 0 0 0
56 12 1 1 3 0 0 1 0 0
59 2 0 0 2 1 1 0 0 0
61 2 0 0 0 0 0 0 0 0
65 3 0 0 0 0 0 1 0 0
66 6 1 1 1 0 0 0 0 0
70 4 1 1 2 1 1 0 0 0
72 2 0 0 0 0 0 1 0 0
73 2 0 0 1 0 0 0 0 0
76 7 1 1 1 0 0 0 0 0
77 6 0 0 1 0 0 0 0 0
96 3 0 0 1 0 0 0 0 0
103 1 0 0 0 0 0 1 0 0
106 4 0 0 3 0 0 0 0 0
108 3 0 0 1 0 0 0 0 0
112 6 1 1 1 0 0 0 0 0
114 3 0 0 1 0 0 0 0 0
120 2 1 1 1 0 0 1 0 0
121 1 1 1 0 0 0 0 0 0
126 6 0 0 1 0 0 0 0 0
129 2 0 0 1 0 0 0 0 0
130 17 1 1 1 1 1 0 0 0
132 2 0 0 0 0 0 0 0 0
fn=exit
138 2 1 1 0 0 0 2 1 1
139 5 1 1 0 0 0 0 0 0
fl=/build/glibc-kCnsjY/glibc-2.31/stdlib/lshift.c
fn=__mpn_lshift
63 4 0 0 0 0 0 0 0 0
64 8 0 0 0 0 0 0 0 0
66 8 1 1 4 0 0 0 0 0
67 4 0 0 0 0 0 0 0 0
69 8 0 0 0 0 0 0 0 0
75 8 1 1 0 0 0 4 0 0
78 4 0 0 0 0 0 0 0 0
fl=/build/glibc-kCnsjY/glibc-2.31/stdlib/mul.c
fn=__mpn_mul
48 36 3 3 4 0 0 26 0 0
54 4 0 0 0 0 0 0 0 0
66 2 0 0 0 0 0 0 0 0
67 2 0 0 0 0 0 0 0 0
71 2 1 1 2 1 1 0 0 0
72 4 0 0 0 0 0 0 0 0
81 6 1 1 0 0 0 0 0 0
83 2 0 0 0 0 0 2 0 0
84 2 1 1 0 0 0 0 0 0
88 4 0 0 0 0 0 0 0 0
142 30 0 0 30 0 0 0 0 0
fl=/build/glibc-kCnsjY/glibc-2.31/stdlib/mul_1.c
fn=__mpn_mul_1
36 60 1 1 0 0 0 0 0 0
42 30 0 0 0 0 0 0 0 0
45 505 1 1 35 0 0 0 0 0
47 70 0 0 0 0 0 0 0 0
48 105 0 0 0 0 0 0 0 0
50 65 0 0 0 0 0 35 0 0
52 105 0 0 0 0 0 0 0 0
55 30 1 1 0 0 0 0 0 0
fl=/build/glibc-kCnsjY/glibc-2.31/stdlib/rand.c
fn=rand
26 5242880 1 1 0 0 0 5242880 0 0
27 2621440 1 1 0 0 0 0 0 0
28 5242880 0 0 5242880 0 0 0 0 0
fl=/build/glibc-kCnsjY/glibc-2.31/stdlib/random.c
fn=random
288 23592960 2 2 5242880 0 0 15728640 0 0
291 18350080 0 0 0 0 0 0 0 0
293 10485760 0 0 0 0 0 0 0 0
295 15728640 1 1 0 0 0 0 0 0
297 2621440 0 0 2621440 0 0 0 0 0
298 26214400 0 0 20971520 0 0 0 0 0
fl=/build/glibc-kCnsjY/glibc-2.31/stdlib/random_r.c
fn=random_r
354 2621440 0 0 0 0 0 0 0 0
357 7864320 2 2 0 0 0 0 0 0
360 2706002 0 0 2621440 0 0 0 0 0
362 5242880 0 0 2621440 1 0 0 0 0
372 2621440 0 0 2621440 0 0 0 0 0
375 15728640 0 0 10485760 2 2 2621440 0 0
377 5242880 0 0 0 0 0 2621440 0 0
379 5242880 0 0 0 0 0 0 0 0
387 5158318 1 1 0 0 0 0 0 0
391 5073756 0 0 0 0 0 5242880 0 0
393 2621440 0 0 0 0 0 0 0 0
398 5073756 1 1 0 0 0 0 0 0
fl=/build/glibc-kCnsjY/glibc-2.31/stdlib/rshift.c
fn=__mpn_rshift
45 15 0 0 0 0 0 0 0 0
63 5 0 0 0 0 0 0 0 0
64 15 1 1 0 0 0 0 0 0
65 5 0 0 5 0 0 0 0 0
66 5 0 0 0 0 0 0 0 0
69 35 1 1 0 0 0 0 0 0
71 10 0 0 5 0 0 0 0 0
72 20 0 0 0 0 0 5 0 0
75 10 0 0 0 0 0 5 0 0
78 5 0 0 0 0 0 0 0 0
fl=/build/glibc-kCnsjY/glibc-2.31/string/../sysdeps/aarch64/memset.S
fn=__GI_memset
37 1 1 1 0 0 0 0 0 0
38 1 0 0 0 0 0 0 0 0
40 1 0 0 0 0 0 0 0 0
41 1 0 0 0 0 0 0 0 0
84 1 1 1 0 0 0 0 0 0
85 1 0 0 0 0 0 0 0 0
86 1 0 0 0 0 0 1 0 0
87 1 0 0 0 0 0 0 0 0
88 1 0 0 0 0 0 0 0 0
89 1 0 0 0 0 0 0 0 0
91 1 0 0 0 0 0 0 0 0
92 1 0 0 0 0 0 0 0 0
93 1 0 0 0 0 0 0 0 0
94 9 0 0 0 0 0 18 0 0
95 9 0 0 0 0 0 18 9 9
97 9 0 0 0 0 0 0 0 0
98 9 0 0 0 0 0 0 0 0
99 1 0 0 0 0 0 2 0 0
100 1 0 0 0 0 0 2 0 0
101 2 1 1 0 0 0 0 0 0
108 1 0 0 0 0 0 0 0 0
109 1 0 0 0 0 0 0 0 0
fn=memset
37 10 2 2 0 0 0 0 0 0
38 10 0 0 0 0 0 0 0 0
40 10 0 0 0 0 0 0 0 0
41 10 0 0 0 0 0 0 0 0
42 7 0 0 0 0 0 0 0 0
43 7 0 0 0 0 0 0 0 0
44 7 0 0 0 0 0 0 0 0
47 7 0 0 0 0 0 0 0 0
48 1 0 0 0 0 0 1 1 1
49 1 0 0 0 0 0 1 0 0
50 1 0 0 0 0 0 0 0 0
52 6 0 0 0 0 0 0 0 0
53 4 0 0 0 0 0 4 0 0
54 4 0 0 0 0 0 4 0 0
55 4 0 0 0 0 0 0 0 0
56 2 2 2 0 0 0 0 0 0
57 2 0 0 0 0 0 2 0 0
58 2 0 0 0 0 0 0 0 0
59 2 0 0 0 0 0 2 0 0
60 2 0 0 0 0 0 0 0 0
84 3 2 1 0 0 0 0 0 0
85 3 0 0 0 0 0 0 0 0
86 3 0 0 0 0 0 3 2 2
87 3 0 0 0 0 0 0 0 0
88 3 0 0 0 0 0 0 0 0
89 3 0 0 0 0 0 0 0 0
91 3 0 0 0 0 0 0 0 0
92 3 0 0 0 0 0 0 0 0
93 3 0 0 0 0 0 0 0 0
94 65 0 0 0 0 0 130 1 1
95 65 0 0 0 0 0 130 64 64
97 65 0 0 0 0 0 0 0 0
98 65 0 0 0 0 0 0 0 0
99 3 0 0 0 0 0 6 1 1
100 3 0 0 0 0 0 6 1 1
101 5 1 1 0 0 0 0 0 0
108 2 0 0 0 0 0 0 0 0
109 2 0 0 0 0 0 0 0 0
fl=/build/glibc-kCnsjY/glibc-2.31/string/../sysdeps/aarch64/multiarch/../memcpy.S
fn=__GI_memcpy
91 15 1 1 0 0 0 0 0 0
92 15 0 0 0 0 0 0 0 0
93 15 0 0 0 0 0 0 0 0
94 15 0 0 0 0 0 0 0 0
95 15 0 0 0 0 0 0 0 0
116 15 1 1 0 0 0 0 0 0
117 15 0 0 0 0 0 0 0 0
126 15 1 1 0 0 0 0 0 0
127 2 0 0 2 0 0 0 0 0
128 2 0 0 2 0 0 0 0 0
129 2 0 0 0 0 0 2 0 0
130 2 0 0 0 0 0 2 0 0
131 2 0 0 0 0 0 0 0 0
135 13 0 0 0 0 0 0 0 0
136 1 0 0 1 0 0 0 0 0
137 1 0 0 1 0 0 0 0 0
138 1 0 0 0 0 0 1 0 0
139 1 0 0 0 0 0 1 0 0
140 1 0 0 0 0 0 0 0 0
145 12 0 0 0 0 0 0 0 0
146 12 0 0 0 0 0 0 0 0
147 12 1 1 12 0 0 0 0 0
148 12 0 0 12 0 0 0 0 0
149 12 0 0 12 0 0 0 0 0
150 12 0 0 0 0 0 12 0 0
151 12 0 0 0 0 0 12 0 0
152 12 0 0 0 0 0 12 0 0
153 12 0 0 0 0 0 0 0 0
fn=memcpy
91 30 1 1 0 0 0 0 0 0
92 30 0 0 0 0 0 0 0 0
93 30 0 0 0 0 0 0 0 0
94 30 0 0 0 0 0 0 0 0
95 30 0 0 0 0 0 0 0 0
96 8 0 0 0 0 0 0 0 0
97 8 0 0 0 0 0 0 0 0
100 7 0 0 14 0 0 0 0 0
101 7 0 0 14 0 0 0 0 0
102 7 0 0 14 0 0 0 0 0
103 7 0 0 14 0 0 0 0 0
104 7 0 0 0 0 0 0 0 0
105 7 0 0 0 0 0 0 0 0
106 3 0 0 0 0 0 6 1 1
107 3 0 0 0 0 0 6 0 0
108 3 0 0 0 0 0 6 0 0
109 3 0 0 0 0 0 6 1 1
110 3 0 0 0 0 0 0 0 0
116 22 1 1 0 0 0 0 0 0
117 22 0 0 0 0 0 0 0 0
118 4 0 0 8 1 0 0 0 0
119 4 0 0 8 0 0 0 0 0
120 4 0 0 0 0 0 8 1 1
121 4 0 0 0 0 0 8 0 0
122 4 0 0 0 0 0 0 0 0
126 18 1 1 0 0 0 0 0 0
127 13 0 0 13 0 0 0 0 0
128 13 0 0 13 0 0 0 0 0
129 13 0 0 0 0 0 13 1 1
130 13 0 0 0 0 0 13 1 1
131 13 0 0 0 0 0 0 0 0
135 5 0 0 0 0 0 0 0 0
136 2 0 0 2 0 0 0 0 0
137 2 0 0 2 0 0 0 0 0
138 2 0 0 0 0 0 2 0 0
139 2 0 0 0 0 0 2 0 0
140 2 0 0 0 0 0 0 0 0
145 3 0 0 0 0 0 0 0 0
146 2 0 0 0 0 0 0 0 0
147 2 1 1 2 2 2 0 0 0
148 2 0 0 2 0 0 0 0 0
149 2 0 0 2 0 0 0 0 0
150 2 0 0 0 0 0 2 2 2
151 2 0 0 0 0 0 2 0 0
152 2 0 0 0 0 0 2 0 0
153 3 0 0 0 0 0 0 0 0
159 4 0 0 8 0 0 0 0 0
160 4 0 0 8 0 0 0 0 0
161 4 0 0 8 0 0 0 0 0
162 4 0 0 8 0 0 0 0 0
163 4 0 0 0 0 0 8 2 2
164 4 0 0 0 0 0 8 2 2
165 4 0 0 0 0 0 8 0 0
166 4 0 0 0 0 0 8 1 1
167 4 0 0 0 0 0 8 0 0
168 4 0 0 0 0 0 8 0 0
169 4 0 0 0 0 0 8 0 0
170 4 0 0 0 0 0 8 1 1
171 4 0 0 0 0 0 0 0 0
180 1 1 1 0 0 0 0 0 0
181 1 0 0 0 0 0 0 0 0
182 1 0 0 2 0 0 0 0 0
183 1 0 0 0 0 0 0 0 0
184 1 0 0 0 0 0 0 0 0
185 1 0 0 2 0 0 0 0 0
186 1 0 0 0 0 0 2 1 1
187 1 0 0 2 0 0 0 0 0
188 1 1 1 2 0 0 0 0 0
189 1 0 0 2 0 0 0 0 0
190 1 0 0 0 0 0 0 0 0
191 1 0 0 0 0 0 0 0 0
193 9 0 0 0 0 0 18 8 8
194 9 0 0 18 0 0 0 0 0
195 9 0 0 0 0 0 18 0 0
196 9 0 0 18 0 0 0 0 0
197 9 0 0 0 0 0 18 0 0
198 9 0 0 18 0 0 0 0 0
199 9 0 0 0 0 0 18 0 0
200 9 0 0 18 0 0 0 0 0
201 9 0 0 0 0 0 0 0 0
202 9 0 0 0 0 0 0 0 0
208 1 0 0 2 0 0 0 0 0
209 1 0 0 0 0 0 2 1 1
210 1 1 1 2 0 0 0 0 0
211 1 0 0 0 0 0 2 0 0
212 1 0 0 2 0 0 0 0 0
213 1 0 0 0 0 0 2 0 0
214 1 0 0 2 0 0 0 0 0
215 1 0 0 0 0 0 2 0 0
216 1 0 0 0 0 0 2 0 0
217 1 0 0 0 0 0 2 0 0
218 1 0 0 0 0 0 2 0 0
219 1 0 0 0 0 0 2 1 1
220 1 0 0 0 0 0 0 0 0
fl=/build/glibc-kCnsjY/glibc-2.31/string/../sysdeps/aarch64/multiarch/../strlen.S
fn=__GI_strlen
94 4 1 1 0 0 0 0 0 0
95 4 0 0 0 0 0 0 0 0
96 4 0 0 0 0 0 0 0 0
97 4 0 0 0 0 0 0 0 0
98 4 0 0 8 1 1 0 0 0
107 4 0 0 0 0 0 0 0 0
108 4 0 0 0 0 0 0 0 0
109 4 0 0 0 0 0 0 0 0
110 4 0 0 0 0 0 0 0 0
111 4 0 0 0 0 0 0 0 0
112 4 0 0 0 0 0 0 0 0
113 4 0 0 0 0 0 0 0 0
114 4 0 0 0 0 0 0 0 0
117 4 0 0 0 0 0 0 0 0
118 4 0 0 0 0 0 0 0 0
119 4 0 0 0 0 0 0 0 0
120 4 1 1 0 0 0 0 0 0
121 4 0 0 0 0 0 0 0 0
122 4 0 0 0 0 0 0 0 0
123 4 0 0 0 0 0 0 0 0
fn=strlen
94 12 3 1 0 0 0 0 0 0
95 12 0 0 0 0 0 0 0 0
96 12 0 0 0 0 0 0 0 0
97 12 0 0 0 0 0 0 0 0
98 11 0 0 22 0 0 0 0 0
107 11 0 0 0 0 0 0 0 0
108 11 0 0 0 0 0 0 0 0
109 11 0 0 0 0 0 0 0 0
110 11 0 0 0 0 0 0 0 0
111 11 0 0 0 0 0 0 0 0
112 11 0 0 0 0 0 0 0 0
113 11 0 0 0 0 0 0 0 0
114 11 0 0 0 0 0 0 0 0
117 5 0 0 0 0 0 0 0 0
118 5 0 0 0 0 0 0 0 0
119 5 0 0 0 0 0 0 0 0
120 5 2 0 0 0 0 0 0 0
121 5 0 0 0 0 0 0 0 0
122 5 0 0 0 0 0 0 0 0
123 5 0 0 0 0 0 0 0 0
130 6 0 0 0 0 0 0 0 0
131 6 0 0 0 0 0 0 0 0
133 9 0 0 18 0 0 0 0 0
135 10 1 1 0 0 0 0 0 0
136 10 0 0 0 0 0 0 0 0
137 10 0 0 0 0 0 0 0 0
138 10 0 0 0 0 0 0 0 0
139 10 0 0 0 0 0 0 0 0
140 9 0 0 18 1 1 0 0 0
141 9 0 0 0 0 0 0 0 0
142 9 0 0 0 0 0 0 0 0
143 9 0 0 0 0 0 0 0 0
144 9 2 0 0 0 0 0 0 0
145 9 0 0 0 0 0 0 0 0
146 6 0 0 0 0 0 0 0 0
149 7 1 1 0 0 0 0 0 0
150 7 0 0 0 0 0 0 0 0
151 7 0 0 0 0 0 0 0 0
152 7 0 0 0 0 0 0 0 0
153 7 0 0 0 0 0 0 0 0
154 7 0 0 0 0 0 0 0 0
169 7 0 0 0 0 0 0 0 0
171 7 0 0 0 0 0 0 0 0
172 7 0 0 0 0 0 0 0 0
173 7 0 0 0 0 0 0 0 0
174 7 0 0 0 0 0 0 0 0
175 7 0 0 0 0 0 0 0 0
176 7 0 0 0 0 0 0 0 0
177 7 2 1 0 0 0 0 0 0
204 1 1 1 0 0 0 0 0 0
205 1 0 0 2 0 0 0 0 0
206 1 0 0 0 0 0 0 0 0
207 1 0 0 0 0 0 0 0 0
213 1 0 0 0 0 0 0 0 0
215 1 0 0 0 0 0 0 0 0
216 1 0 0 0 0 0 0 0 0
217 1 0 0 0 0 0 0 0 0
218 1 0 0 0 0 0 0 0 0
219 1 0 0 0 0 0 0 0 0
220 1 0 0 0 0 0 0 0 0
221 1 0 0 0 0 0 0 0 0
fl=/build/glibc-kCnsjY/glibc-2.31/string/../sysdeps/aarch64/multiarch/memchr.c
fn=memchr
34 9 2 2 2 0 0 0 0 0
fl=/build/glibc-kCnsjY/glibc-2.31/string/../sysdeps/aarch64/multiarch/strlen.c
fn=strlen
36 11 2 2 2 0 0 0 0 0
fl=/build/glibc-kCnsjY/glibc-2.31/string/../sysdeps/aarch64/strchr.S
fn=index
66 7 1 1 0 0 0 0 0 0
67 7 0 0 0 0 0 0 0 0
68 7 0 0 0 0 0 0 0 0
69 7 0 0 0 0 0 0 0 0
70 7 1 1 0 0 0 0 0 0
71 7 0 0 0 0 0 0 0 0
72 7 0 0 0 0 0 0 0 0
73 7 0 0 0 0 0 0 0 0
79 5 0 0 10 3 3 0 0 0
80 5 0 0 0 0 0 0 0 0
81 5 0 0 0 0 0 0 0 0
82 5 0 0 0 0 0 0 0 0
83 5 0 0 0 0 0 0 0 0
84 5 0 0 0 0 0 0 0 0
85 5 0 0 0 0 0 0 0 0
86 5 0 0 0 0 0 0 0 0
87 5 0 0 0 0 0 0 0 0
88 5 0 0 0 0 0 0 0 0
89 5 0 0 0 0 0 0 0 0
90 5 0 0 0 0 0 0 0 0
91 5 1 1 0 0 0 0 0 0
92 5 0 0 0 0 0 0 0 0
93 5 0 0 0 0 0 0 0 0
94 5 0 0 0 0 0 0 0 0
95 5 0 0 0 0 0 0 0 0
97 5 0 0 0 0 0 0 0 0
98 5 0 0 0 0 0 0 0 0
99 5 0 0 0 0 0 0 0 0
102 8 0 0 16 1 1 0 0 0
103 8 0 0 0 0 0 0 0 0
104 8 0 0 0 0 0 0 0 0
105 8 0 0 0 0 0 0 0 0
106 8 0 0 0 0 0 0 0 0
108 8 0 0 0 0 0 0 0 0
109 8 0 0 0 0 0 0 0 0
110 8 0 0 0 0 0 0 0 0
111 8 0 0 0 0 0 0 0 0
112 8 0 0 0 0 0 0 0 0
113 8 0 0 0 0 0 0 0 0
117 6 0 0 0 0 0 0 0 0
118 6 0 0 0 0 0 0 0 0
119 6 0 0 0 0 0 0 0 0
120 6 0 0 0 0 0 0 0 0
121 6 0 0 0 0 0 0 0 0
122 6 0 0 0 0 0 0 0 0
123 6 0 0 0 0 0 0 0 0
124 6 0 0 0 0 0 0 0 0
126 6 0 0 0 0 0 0 0 0
128 7 1 1 0 0 0 0 0 0
129 7 0 0 0 0 0 0 0 0
130 7 0 0 0 0 0 0 0 0
133 7 0 0 0 0 0 0 0 0
134 7 2 1 0 0 0 0 0 0
135 7 0 0 0 0 0 0 0 0
136 7 0 0 0 0 0 0 0 0
fl=/build/glibc-kCnsjY/glibc-2.31/string/../sysdeps/aarch64/strchrnul.S
fn=strchrnul
66 9 1 1 0 0 0 0 0 0
67 9 0 0 0 0 0 0 0 0
68 9 0 0 0 0 0 0 0 0
69 9 0 0 0 0 0 0 0 0
70 9 1 1 0 0 0 0 0 0
71 9 0 0 0 0 0 0 0 0
72 9 0 0 0 0 0 0 0 0
78 9 0 0 18 1 1 0 0 0
79 9 0 0 0 0 0 0 0 0
80 9 0 0 0 0 0 0 0 0
81 9 0 0 0 0 0 0 0 0
82 9 0 0 0 0 0 0 0 0
83 9 0 0 0 0 0 0 0 0
84 9 0 0 0 0 0 0 0 0
85 9 0 0 0 0 0 0 0 0
86 9 0 0 0 0 0 0 0 0
87 9 0 0 0 0 0 0 0 0
88 9 0 0 0 0 0 0 0 0
89 9 0 0 0 0 0 0 0 0
90 9 0 0 0 0 0 0 0 0
91 9 1 1 0 0 0 0 0 0
92 9 0 0 0 0 0 0 0 0
94 9 0 0 0 0 0 0 0 0
95 9 0 0 0 0 0 0 0 0
96 9 0 0 0 0 0 0 0 0
122 9 1 1 0 0 0 0 0 0
124 9 0 0 0 0 0 0 0 0
125 9 0 0 0 0 0 0 0 0
127 9 0 0 0 0 0 0 0 0
128 9 0 0 0 0 0 0 0 0
fl=/build/glibc-kCnsjY/glibc-2.31/string/../sysdeps/aarch64/strcmp.S
fn=strcmp
54 189 6 2 0 0 0 0 0 0
55 189 0 0 0 0 0 0 0 0
56 189 0 0 0 0 0 0 0 0
57 189 0 0 0 0 0 0 0 0
58 71 0 0 0 0 0 0 0 0
59 71 0 0 0 0 0 0 0 0
64 130 0 0 130 0 0 0 0 0
65 130 0 0 130 0 0 0 0 0
67 197 0 0 0 0 0 0 0 0
68 197 0 0 0 0 0 0 0 0
69 197 0 0 0 0 0 0 0 0
70 197 0 0 0 0 0 0 0 0
71 197 0 0 0 0 0 0 0 0
72 197 0 0 0 0 0 0 0 0
77 151 0 0 0 0 0 0 0 0
78 151 0 0 0 0 0 0 0 0
83 151 3 1 0 0 0 0 0 0
84 151 0 0 0 0 0 0 0 0
85 151 0 0 0 0 0 0 0 0
86 151 0 0 0 0 0 0 0 0
89 151 0 0 0 0 0 0 0 0
90 151 0 0 0 0 0 0 0 0
91 151 0 0 0 0 0 0 0 0
130 67 2 1 0 0 0 0 0 0
131 67 0 0 0 0 0 0 0 0
132 67 0 0 0 0 0 0 0 0
133 67 0 0 67 5 4 0 0 0
134 67 0 0 0 0 0 0 0 0
135 67 0 0 67 0 0 0 0 0
136 67 0 0 0 0 0 0 0 0
142 67 0 0 0 0 0 0 0 0
144 67 0 0 0 0 0 0 0 0
145 67 0 0 0 0 0 0 0 0
146 67 0 0 0 0 0 0 0 0
152 118 3 2 0 0 0 0 0 0
153 118 0 0 0 0 0 0 0 0
155 292 0 0 292 35 22 0 0 0
156 292 0 0 292 3 0 0 0 0
157 292 0 0 0 0 0 0 0 0
158 292 0 0 0 0 0 0 0 0
159 292 0 0 0 0 0 0 0 0
160 254 0 0 0 0 0 0 0 0
161 254 0 0 0 0 0 0 0 0
166 142 0 0 0 0 0 0 0 0
167 142 0 0 0 0 0 0 0 0
168 142 0 0 0 0 0 0 0 0
169 142 0 0 142 15 12 0 0 0
170 142 0 0 142 3 2 0 0 0
172 142 2 2 0 0 0 0 0 0
173 142 0 0 0 0 0 0 0 0
174 142 0 0 0 0 0 0 0 0
175 142 0 0 0 0 0 0 0 0
176 142 0 0 0 0 0 0 0 0
177 142 0 0 0 0 0 0 0 0
178 80 0 0 0 0 0 0 0 0
181 38 0 0 0 0 0 0 0 0
182 38 0 0 0 0 0 0 0 0
fl=/build/glibc-kCnsjY/glibc-2.31/string/../sysdeps/aarch64/strrchr.S
fn=rindex
72 1 1 1 0 0 0 0 0 0
76 1 0 0 0 0 0 0 0 0
77 1 0 0 0 0 0 0 0 0
78 1 0 0 0 0 0 0 0 0
79 1 0 0 0 0 0 0 0 0
80 1 0 0 0 0 0 0 0 0
81 1 0 0 0 0 0 0 0 0
82 1 0 0 0 0 0 0 0 0
83 1 0 0 0 0 0 0 0 0
84 1 0 0 0 0 0 0 0 0
90 1 0 0 2 1 0 0 0 0
91 1 0 0 0 0 0 0 0 0
92 1 0 0 0 0 0 0 0 0
93 1 0 0 0 0 0 0 0 0
94 1 0 0 0 0 0 0 0 0
95 1 0 0 0 0 0 0 0 0
96 1 1 1 0 0 0 0 0 0
97 1 0 0 0 0 0 0 0 0
98 1 0 0 0 0 0 0 0 0
99 1 0 0 0 0 0 0 0 0
100 1 0 0 0 0 0 0 0 0
101 1 0 0 0 0 0 0 0 0
102 1 0 0 0 0 0 0 0 0
103 1 0 0 0 0 0 0 0 0
104 1 0 0 0 0 0 0 0 0
105 1 0 0 0 0 0 0 0 0
106 1 0 0 0 0 0 0 0 0
107 1 0 0 0 0 0 0 0 0
108 1 0 0 0 0 0 0 0 0
110 1 0 0 0 0 0 0 0 0
111 1 0 0 0 0 0 0 0 0
112 1 0 0 0 0 0 0 0 0
142 1 1 1 0 0 0 0 0 0
143 1 0 0 0 0 0 0 0 0
144 1 0 0 0 0 0 0 0 0
146 1 0 0 0 0 0 0 0 0
147 1 0 0 0 0 0 0 0 0
150 1 0 0 0 0 0 0 0 0
154 1 0 0 0 0 0 0 0 0
155 1 0 0 0 0 0 0 0 0
157 1 0 0 0 0 0 0 0 0
158 1 0 0 0 0 0 0 0 0
160 1 1 1 0 0 0 0 0 0
fl=/build/glibc-kCnsjY/glibc-2.31/string/mempcpy.c
fn=mempcpy
34 120 4 2 0 0 0 90 1 1
35 30 0 0 0 0 0 0 0 0
36 120 4 2 90 0 0 0 0 0
fl=/build/glibc-kCnsjY/glibc-2.31/string/strcspn.c
fn=strcspn
32 4 0 0 0 0 0 3 1 1
33 2 0 0 1 1 1 0 0 0
34 2 1 1 1 0 0 0 0 0
39 5 0 0 0 0 0 8 1 1
40 4 0 0 0 0 0 8 0 0
41 4 1 1 0 0 0 8 1 1
42 4 0 0 0 0 0 8 1 1
44 3 0 0 2 0 0 0 0 0
47 10 0 0 0 0 0 3 0 0
48 3 0 0 0 0 0 0 0 0
51 4 0 0 2 0 0 0 0 0
52 4 1 1 2 0 0 0 0 0
53 4 0 0 2 0 0 0 0 0
54 4 0 0 2 0 0 0 0 0
56 2 0 0 0 0 0 0 0 0
62 32 1 1 32 0 0 0 0 0
63 16 0 0 16 0 0 0 0 0
64 32 0 0 32 0 0 0 0 0
65 16 0 0 16 0 0 0 0 0
67 112 0 0 32 0 0 0 0 0
69 1 0 0 0 0 0 0 0 0
70 5 0 0 0 0 0 0 0 0
71 3 0 0 3 0 0 0 0 0
fl=/build/glibc-kCnsjY/glibc-2.31/string/strdup.c
fn=strdup
40 12 1 1 0 0 0 12 0 0
41 6 0 0 0 0 0 0 0 0
42 6 2 1 0 0 0 0 0 0
44 3 0 0 0 0 0 0 0 0
47 9 0 0 0 0 0 0 0 0
48 6 0 0 12 0 0 0 0 0
fl=/build/glibc-kCnsjY/glibc-2.31/time/../sysdeps/unix/sysv/linux/dl-vdso.h
fn=gettimeofday
40 3 1 1 2 1 0 0 0 0
41 1 0 0 0 0 0 0 0 0
fl=/build/glibc-kCnsjY/glibc-2.31/time/../sysdeps/unix/sysv/linux/gettimeofday.c
fn=__gettimeofday_syscall
33 2 1 1 0 0 0 0 0 0
35 8 0 0 0 0 0 0 0 0
36 2 0 0 0 0 0 0 0 0
fn=gettimeofday
41 3 1 1 0 0 0 0 0 0
fl=/nfshome/htseng/courses/CSE142/demo/software_optimizations_memory/loop/loop.c
fn=loop
56 786461 3 3 1 0 0 0 0 0
57 1310720 1 1 786432 196608 196608 262144 65536 65536
58 786434 0 0 0 0 0 0 0 0
59 1048576 0 0 524288 131072 131072 262144 0 0
62 1 1 1 0 0 0 0 0 0
fn=main
10 6 1 1 0 0 0 8 0 0
15 2 0 0 0 0 0 0 0 0
19 5 1 1 1 0 0 0 0 0
20 2097158 0 0 524289 1 0 0 0 0
21 4194308 1 1 0 0 0 524290 65537 65536
22 2 0 0 0 0 0 0 0 0
23 2097156 0 0 524288 0 0 0 0 0
24 4194308 1 1 0 0 0 524288 65536 65536
25 2 1 1 0 0 0 0 0 0
26 2097156 0 0 524288 0 0 0 0 0
27 4194308 1 1 0 0 0 524290 65537 65537
28 2 0 0 0 0 0 0 0 0
29 2097156 1 1 524288 0 0 0 0 0
30 4194308 0 0 0 0 0 524288 65536 65536
31 1 0 0 0 0 0 0 0 0
32 2097158 0 0 524292 1 1 0 0 0
33 4194307 1 1 0 0 0 524288 65536 65536
35 1 1 1 0 0 0 0 0 0
36 1 0 0 0 0 0 0 0 0
37 6 0 0 0 0 0 0 0 0
38 1 0 0 0 0 0 0 0 0
39 1 0 0 0 0 0 0 0 0
40 1 1 1 0 0 0 0 0 0
45 6 1 1 8 1 1 0 0 0
fl=/nfshome/htseng/courses/CSE142/demo/software_optimizations_memory/loop/perfstats.c
fn=perfstats_deinit
90 7 1 1 0 0 0 5 0 0
92 16 0 0 0 0 0 0 0 0
93 16 0 0 8 0 0 0 0 0
94 9 0 0 0 0 0 8 0 0
96 4 0 0 5 0 0 0 0 0
fn=perfstats_disable
129 5 1 1 0 0 0 5 1 1
131 5 1 1 1 1 1 0 0 0
132 17 0 0 0 0 0 0 0 0
133 25 0 0 8 2 2 0 0 0
136 20 0 0 0 0 0 0 0 0
139 16 2 2 6 2 2 0 0 0
140 4 0 0 1 0 0 1 0 0
142 4 0 0 5 0 0 0 0 0
fn=perfstats_enable
100 6 1 1 0 0 0 5 0 0
103 16 1 1 0 0 0 0 0 0
104 26 0 0 8 0 0 0 0 0
107 20 0 0 0 0 0 0 0 0
111 16 1 1 0 0 0 0 0 0
112 42 0 0 8 0 0 0 0 0
115 4 0 0 1 0 0 0 0 0
116 3 0 0 5 0 0 0 0 0
fn=perfstats_init
69 10 0 0 0 0 0 8 4 4
70 88 0 0 0 0 0 8 1 1
75 8 0 0 0 0 0 9 0 0
76 4 1 1 0 0 0 0 0 0
79 24 0 0 0 0 0 0 0 0
81 34 1 1 8 8 8 8 0 0
83 8 0 0 0 0 0 0 0 0
84 8 0 0 0 0 0 0 0 0
87 6 0 0 9 0 0 0 0 0
fn=perfstats_print
161 33 4 4 8 0 0 0 0 0
164 20 1 1 12 0 0 4 0 0
180 9 1 1 2 1 1 6 0 0
185 2 1 1 3 0 0 0 0 0
203 1 0 0 0 0 0 0 0 0
206 1 0 0 0 0 0 0 0 0
207 7 1 1 2 0 0 0 0 0
208 9 0 0 6 0 0 0 0 0
210 10 2 1 8 0 0 0 0 0
fl=/usr/include/aarch64-linux-gnu/bits/stdio2.h
fn=perfstats_print
107 7 0 0 0 0 0 0 0 0
fl=/usr/include/aarch64-linux-gnu/bits/unistd.h
fn=perfstats_enable
44 24 0 0 1 1 1 0 0 0
fn=perfstats_print
44 12 1 1 0 0 0 0 0 0
fl=/usr/include/stdlib.h
fn=main
363 5 0 0 1 1 0 1 1 1
fl=???
fn=???
0 10486288 38 32 2621567 21 10 26 1 1
fn=__aarch64_cas4_acq
0 28836109 3 3 5242931 5 5 2621477 0 0
fn=__aarch64_cas8_acq
0 11 1 1 2 0 0 1 0 0
fn=__aarch64_ldadd4_acq
0 10 1 1 2 1 0 1 0 0
fn=__aarch64_ldadd8_acq
0 10 1 1 2 0 0 1 0 0
fn=__aarch64_swp4_rel
0 23593131 4 4 5242924 0 0 2621471 0 0
fn=__libc_csu_init
0 31 3 3 9 0 0 8 0 0
fn=call_weak_fn
0 4 1 1 1 0 0 0 0 0
fn=init_have_lse_atomics
0 18 2 2 4 0 0 6 1 1
summary: 273773050 1239 1147 69512720 330515 329869 39860698 393928 393854
